403559,403529
403559,403530
403559,403531
403559,403532
403559,403533
403559,403534
403559,403535
403559,403536
403559,403537
403559,403538
403559,403539
403559,403540
403559,403541
403559,403542
403559,403543
403559,403544
403559,403545
403559,403546
403559,403549
403559,403550
403559,403552
403559,403561
403559,403566
403559,403595
403559,404456
403559,406550
448873,447574
448873,448824
448873,448833
444353,444349
444353,444350
444353,444351
444353,444352
444353,444354
444353,444356
444353,444392
444353,444438
444353,444441
444353,444442
444353,444443
444353,444444
444353,444459
444353,444460
444353,444467
444353,444469
444353,444473
444353,444475
444353,444479
444353,444480
444353,444483
444353,444485
444353,444487
444353,444489
444353,444492
444353,444495
129,130
444353,444496
444353,444497
444353,444498
444353,444502
444353,444504
444353,444505
444353,444506
444353,444508
444353,444509
444353,444516
444353,444517
444353,444518
444353,444519
444353,444520
444353,444521
444353,444522
444353,444523
444353,444524
444353,444525
444353,444527
444353,444528
444353,444531
444353,444532
444353,444533
444353,444536
444353,444539
444353,444552
444353,444562
444353,444564
444353,444569
444353,444587
401878,401879
401878,401880
401878,401881
401878,401882
401878,401883
401878,401884
401878,401885
401878,401888
401878,401889
401878,401890
401878,401891
401878,401892
401878,401893
401878,401894
129,160
129,161
161,40
161,129
161,130
161,131
161,132
161,133
161,134
161,135
161,136
161,137
161,138
161,139
161,140
161,141
161,142
161,143
161,144
161,145
161,146
161,147
161,148
161,149
161,150
161,151
161,152
161,153
161,154
161,155
161,156
161,157
161,158
161,159
161,160
161,927
403471,401873
403471,403448
403471,403472
403471,403473
403471,403474
403471,403475
403471,403876
403471,406550
449625,449896
449625,449902
449625,449903
449625,449904
449625,449907
449625,449908
449625,449910
449625,449911
449625,449912
449625,449914
449625,449915
449625,449916
449625,450041
449625,450042
449625,450043
449625,450044
449625,450045
449625,450046
449625,450047
449625,450048
449625,450049
449625,450057
405434,401873
405434,405203
405434,405205
405434,405206
405434,405215
405434,405222
405434,405223
405434,405225
405434,405230
405434,405233
405434,405235
405434,405238
405434,405239
405434,405426
405434,406550
406460,401873
406460,404359
406460,405089
406460,406475
406460,406550
405227,401873
405227,403879
405227,403882
405227,403883
405227,403884
405227,403885
405227,403886
405227,405203
405227,405205
405227,405206
405227,405215
405227,405222
405227,405223
405227,405225
405227,405230
405227,405233
405227,405235
405227,405238
405227,405239
405227,405392
405227,406550
405227,430273
406422,401873
406422,401952
406422,401970
406422,401975
406422,402013
406422,402049
406422,402051
406422,402107
406422,402114
406422,402127
406422,402128
406422,402130
406422,402131
406422,402855
406422,402857
406422,402858
406422,402860
406422,402876
406422,402877
406422,402878
406422,402901
406422,403140
406422,403198
406422,403229
406422,403266
406422,403419
406422,403565
406422,403606
406422,403702
406422,403746
406422,403752
406422,403894
406422,403930
406422,403940
406422,404026
406422,404027
406422,404117
406422,404501
406422,404785
406422,404875
406422,405034
406422,405093
406422,405105
406422,405129
406422,405140
406422,405146
406422,405148
406422,405149
406422,405155
406422,405667
406422,405696
406422,406550
133,132
133,134
133,140
133,161
135,134
135,136
135,141
135,155
135,161
136,135
136,137
136,150
136,161
138,137
138,140
138,161
142,141
142,143
142,161
145,144
438238,49217
438238,105941
438238,140808
438238,184094
438238,401873
438238,430966
438238,431835
438238,434168
438238,438398
438238,439071
438238,440433
438238,440836
438238,442639
438238,442680
438238,444169
438238,444392
438238,444426
438238,444858
438238,444881
145,146
438238,445259
438238,450675
438238,450678
438238,450679
438238,450681
438238,450692
438238,450695
438238,450698
438238,450699
438238,450700
438238,450703
438238,450704
438238,450705
438238,450707
438238,450708
438238,450710
438238,450711
438238,450712
145,161
438238,450713
438238,450715
438238,450716
438238,450717
438238,450718
438238,450719
438238,450720
438238,450721
438238,450722
438238,450723
438238,450724
438238,450725
438238,450726
438238,450727
438238,450728
438238,450729
438238,450730
438238,450732
438238,450733
438238,450734
438238,450735
438238,450736
438238,450737
438238,450738
438238,450749
438238,450768
438238,450770
438238,450777
438238,450786
438238,450792
438238,450794
438238,450818
438238,450822
438238,450884
438238,450898
438238,450905
438238,450918
438238,450927
438238,451017
438238,451019
438238,451020
438238,451022
438238,451087
438238,457094
438238,457735
7,1
7,2
7,3
7,4
7,5
7,6
7,9
7,10
7,11
7,12
7,16
7,17
7,19
7,254913
7,351762
7,438238
7,444366
11,2
11,7
11,9
11,14
11,15
11,17
11,20
11,22
11,254913
11,438238
149,148
149,151
149,161
151,149
151,152
151,161
151,49739
49739,460928
706,24
706,708
706,710
706,712
706,184094
706,403448
156,155
156,157
156,161
708,706
708,707
708,710
708,157027
708,437153
401971,24
401971,40
401971,58
401971,721
401971,802
401971,930
401971,940
401971,951
401971,44905
401971,157346
401971,184094
401971,401873
401971,402901
401971,403448
401971,405156
401971,406470
401971,406550
401971,446908
401971,447574
705,709
705,710
705,713
710,705
710,706
710,707
710,708
710,709
710,711
710,712
710,713
710,714
710,401971
157027,104902
157027,155744
157027,156398
157027,156416
157027,156423
157027,156450
157027,156640
157027,156963
157027,157029
157027,157061
157027,157062
157027,157063
157027,157065
157027,157066
162,163
157027,157077
157027,157078
157027,157080
157027,157083
157027,157084
157027,157085
157027,157168
157027,157257
157027,186968
157027,401873
157027,428428
157027,429379
157027,430307
157027,430455
157027,438237
157027,438238
157027,439410
162,197
162,198
402442,401873
402442,402443
402442,402466
402442,402467
402442,402468
402442,402503
402442,402507
402442,402518
402442,402546
402442,402547
402442,406550
404108,401873
404108,404116
404108,404156
404108,404158
404108,406550
16,1
16,3
16,7
16,22
16,64770
16,439118
16,440865
16,441028
16,441244
16,441385
16,447061
404163,404178
404163,404237
404163,404259
404011,401873
404011,401904
404011,401941
404011,403884
404011,404013
404011,404014
404011,404017
404011,404020
404011,404029
404011,404068
404011,404098
404011,404099
404011,404379
404011,404784
404011,406550
402100,401873
402100,402107
402100,402109
402100,402131
402100,402142
402100,402143
402100,402144
402100,402146
402100,402147
402100,402148
402100,402150
402100,406550
455701,768
455701,445538
734,741
734,742
734,768
734,787
734,788
734,789
734,927
788,768
788,927
726,728
726,729
726,768
728,727
728,729
728,768
445620,1
445620,352286
731,732
731,733
445620,352295
731,768
445620,352506
445620,438238
317868,317889
317868,317923
446405,1
446405,254913
446405,438238
446405,446406
446405,446407
446405,446408
446405,446409
446405,446410
446405,446411
446405,446412
446405,446413
446405,446414
446405,446415
446405,446416
446405,446417
446405,446418
167,166
167,168
737,736
737,738
737,768
740,40
740,768
740,787
740,878
740,927
740,44924
167,198
740,448183
878,803
878,868
878,869
878,870
878,872
878,873
878,875
878,877
878,889
878,910
764,766
764,767
764,768
784,768
784,785
784,786
168,167
168,169
168,198
451020,431835
451020,438238
451020,450678
451020,450692
451020,450700
451020,450703
451020,450704
451020,450705
451020,450707
451020,450708
451020,450710
451020,450711
451020,450712
451020,450713
451020,450715
451020,450716
451020,450717
451020,450718
451020,450719
451020,450720
451020,450721
451020,450722
451020,450723
451020,450724
451020,450725
451020,450726
451020,450727
451020,450728
451020,450729
451020,450730
451020,450732
451020,450733
451020,450734
451020,450735
451020,450736
451020,450737
451020,450738
451020,450768
451020,450770
451020,450786
451020,450794
451020,450905
451020,450918
451020,451017
451020,451019
451020,451087
20,1
20,7
20,16
20,351762
171,170
171,173
171,198
761,724
761,762
761,763
761,768
756,758
756,759
756,768
778,768
778,780
778,781
745,744
745,746
745,768
745,445538
746,744
746,745
746,768
746,795
18,1
18,7
18,444366
172,183
172,198
750,748
750,749
750,768
749,748
749,750
749,768
177,176
177,178
177,198
178,177
178,179
178,198
178,438238
181,180
181,182
181,198
755,739
755,741
755,742
755,768
755,787
755,788
755,789
755,927
759,757
759,758
759,768
186,185
186,187
186,198
767,765
767,766
767,768
771,768
771,770
771,772
188,187
188,189
188,198
776,768
776,774
776,775
190,189
190,198
781,768
781,779
781,780
193,192
193,194
193,198
792,768
792,791
792,793
791,768
791,792
791,793
794,768
794,796
196,195
196,197
196,198
196,401873
196,527656
527656,553303
527656,553309
800,768
800,796
184345,24
184345,401873
184345,438238
860,861
527656,590094
527656,601656
527656,601853
527656,652201
527656,652202
527656,652204
527656,652205
441385,438238
441385,441226
441385,441381
527656,652206
441385,441383
441385,441395
441385,441428
441385,441438
447061,385630
447061,438238
447061,447062
447061,447078
441028,438238
441028,440988
441028,441007
441028,441010
441028,441011
441028,441033
441028,441034
441028,441040
441028,441093
441028,441226
441028,441381
441028,441438
439118,439069
527656,652408
527656,652682
527656,652684
527656,652686
527656,652687
527656,652925
527656,653055
527656,653061
527656,653062
527656,653103
527656,653109
527656,653159
527656,653210
527656,653854
527656,653893
527656,653898
527656,653959
527656,653960
527656,653962
527656,653963
527656,653977
527656,654076
527656,654116
527656,654120
199,200
199,204
199,232
199,233
233,40
233,199
233,200
233,201
233,202
233,203
233,204
233,205
233,206
233,207
233,208
233,209
233,210
233,211
233,212
233,213
233,214
233,215
233,216
233,217
233,218
233,219
233,220
233,221
233,222
233,223
233,224
233,225
233,226
233,227
233,228
233,229
233,230
233,231
233,232
233,927
445538,445539
445538,445540
445538,445541
445538,445543
445538,445544
445538,445552
225,200
445538,445557
445538,445558
445538,445559
225,203
225,233
205,201
205,202
205,233
226,201
226,228
226,233
226,401941
202,205
202,223
202,233
223,202
223,231
223,233
212,204
212,224
212,233
229,206
229,220
229,233
219,207
219,214
219,218
219,233
208,211
208,221
208,230
208,233
441395,438238
441395,440988
441395,441383
441395,441384
441395,441387
441395,441389
441395,441390
441395,441392
441395,441393
441395,441394
441395,441396
441395,441398
441395,441421
441395,441422
441395,441425
441395,441426
441395,441428
441395,441430
441395,441436
441395,441438
807,814
214,217
214,219
214,233
217,214
217,218
217,233
217,49739
448551,446987
448551,446992
448551,448540
448551,448548
448551,448549
448551,448550
810,805
810,806
810,813
810,861
810,864
810,866
810,867
820,805
820,806
820,813
820,861
820,864
820,866
820,867
819,814
817,814
817,448537
823,861
826,861
829,861
832,861
834,861
837,861
839,861
843,861
844,861
848,861
850,861
855,861
856,861
859,861
859,447980
447980,477
447980,158143
447980,158743
447980,447002
447980,447587
447980,447981
447980,447983
447980,447984
447980,447985
447980,448000
447980,448327
447980,448359
447980,448401
447980,448409
447980,448417
447980,448419
447980,448535
447980,448537
863,805
863,806
863,813
863,861
863,864
863,866
863,867
184279,51
184279,184094
184279,184137
184279,184140
184279,184150
184279,184276
184279,184280
184279,184281
184279,184283
184279,184284
184279,184286
184279,184324
184279,184330
184279,184338
184279,448349
184279,448426
447575,447576
447575,447577
447575,447578
447575,447579
447575,447580
447575,447581
447575,447582
447575,447583
447575,447584
447575,447585
447575,447586
447575,447587
447575,447588
865,805
865,806
865,813
865,861
865,864
865,866
865,867
872,24
875,876
889,880
889,882
880,881
887,888
895,890
895,891
895,892
895,893
895,910
893,890
893,891
893,892
893,894
893,895
893,910
454315,438238
896,454315
896,454577
901,454315
901,454577
235,244
908,454315
908,454577
911,927
911,934
911,935
911,401873
911,438238
235,257
33,34
33,715
33,720
33,721
33,743
33,768
33,804
33,924
33,927
33,935
33,945
33,968
33,44922
33,44924
33,44928
33,184094
33,184142
33,184279
33,184332
33,401873
33,438238
244,257
244,268
244,451126
236,237
236,257
238,251
238,257
238,401941
242,257
242,270
260,257
260,275
914,927
914,934
914,935
914,401873
914,438238
247,235
247,237
247,257
247,269
269,257
269,274
249,238
249,257
249,401957
917,927
917,934
917,935
917,401873
917,438238
252,257
252,258
258,250
944,33
944,715
944,718
944,720
944,721
944,743
944,768
944,804
258,257
944,920
944,921
944,922
944,923
944,924
944,927
944,935
944,945
944,948
944,968
944,44922
944,44924
944,44928
944,64417
944,184094
944,184142
944,184279
944,184332
944,401873
944,417458
944,438238
944,440222
944,447587
944,448349
944,448426
944,448537
44924,33
944,460928
44924,715
44924,720
44924,721
44924,723
44924,743
44924,768
44924,804
44924,924
44924,927
44924,935
44924,945
44924,968
44924,44907
44924,44922
44924,44928
44924,184094
44924,184142
44924,184279
44924,184332
44924,401873
44924,438238
255,257
266,257
266,271
266,184094
923,927
923,938
923,944
923,945
923,948
923,401873
923,438238
926,33
926,715
926,720
926,721
926,743
926,768
926,804
926,924
926,927
926,935
926,945
926,968
926,44922
926,44924
926,44928
926,184094
926,184142
926,184279
926,184332
926,401873
926,438238
925,33
925,715
925,720
925,721
925,743
925,768
925,804
925,924
925,927
925,935
925,945
925,951
925,968
925,44904
925,44922
925,44924
925,44928
925,184094
925,184142
925,184279
925,184332
925,401873
925,438238
265,254
265,257
271,255
271,257
272,257
272,263
405343,401873
405343,405203
405343,405205
405343,405206
405343,405215
405343,405222
405343,405223
405343,405225
405343,405230
405343,405233
405343,405235
405343,405238
405343,405239
928,33
928,715
928,720
928,721
928,743
928,768
928,804
928,924
928,927
928,935
928,945
928,968
928,44922
928,44924
928,44928
928,184094
928,184142
928,184279
928,184332
405343,406550
928,401873
928,438238
277,296
277,298
277,401873
298,296
298,308
44922,33
44922,715
44922,718
44922,720
44922,721
44922,743
44922,768
44922,804
44922,924
44922,927
44922,935
44922,945
44922,968
44922,44907
44922,44908
44922,44923
44922,44924
44922,44928
44922,184094
44922,184142
44922,184279
44922,184332
44922,401873
44922,404101
44922,438238
44922,446598
937,33
937,715
937,720
937,721
937,743
937,768
937,804
937,924
937,927
937,935
937,945
937,968
937,44922
937,44924
937,44928
937,106012
937,184094
937,184142
937,184279
937,184332
937,401873
937,438238
44905,33
44905,715
44905,718
44905,720
44905,721
44905,743
44905,768
44905,804
44905,924
44905,927
44905,935
44905,945
44905,968
44905,44907
44905,44908
44905,44922
44905,44923
44905,44924
44905,44928
44905,184094
44905,184142
44905,184279
44905,184332
44905,401873
44905,404101
44905,438238
44905,446598
304,291
304,296
304,401873
304,401965
36,33
36,34
36,37
36,38
36,715
36,717
36,720
36,721
36,725
36,743
36,768
36,782
36,804
36,924
36,927
36,935
36,945
36,968
36,44922
36,44924
36,44928
36,184094
36,184108
36,184142
36,184279
36,184332
36,401873
36,438238
36,446598
282,283
282,289
282,296
289,283
289,296
947,33
947,715
947,720
947,721
947,743
947,768
947,804
947,924
947,927
947,935
947,945
947,968
947,44922
947,44924
947,44928
947,106012
947,184094
947,184142
947,184279
947,184332
947,401873
947,438238
721,33
721,715
721,720
721,724
721,743
721,768
721,804
721,924
721,927
721,935
721,945
721,968
721,44922
721,44924
721,44928
721,184094
721,184142
721,184279
721,184332
721,401873
721,404101
721,438238
721,446598
285,296
27,30
27,32
27,33
27,34
27,36
27,39
27,715
27,720
27,721
27,743
27,768
27,804
27,924
27,927
27,935
27,945
27,968
27,44922
27,44924
27,44928
27,184094
27,184142
27,184279
27,184332
27,259835
27,401873
27,438238
27,446598
941,33
941,715
941,720
941,721
941,743
297,296
941,768
941,804
941,924
941,927
941,935
941,945
941,968
941,44922
941,44924
941,44928
941,184094
941,184142
941,184279
941,184332
941,401873
297,303
941,438238
292,285
292,296
311,296
311,309
294,280
294,296
312,294
312,296
312,403225
303,290
303,296
308,288
308,296
401965,401873
401965,406550
401965,437293
184344,24
184344,184345
184344,401873
184344,438238
330,40
330,315
330,316
330,317
969,33
969,715
969,720
969,721
969,743
969,768
969,804
969,924
330,318
969,927
969,935
969,945
969,957
969,962
969,967
969,968
969,41051
969,44904
969,44922
969,44924
969,44928
969,184094
969,184142
969,184279
969,184332
969,401873
969,438238
966,33
966,715
966,720
966,721
330,319
966,743
966,768
966,804
966,924
966,927
966,935
966,945
966,957
966,961
966,962
966,964
966,967
966,968
966,973
966,41051
966,44904
966,44922
966,44924
966,44928
966,184094
966,184142
966,184279
966,184332
966,401873
966,438238
330,320
330,321
330,322
330,323
330,324
330,325
35,33
35,34
35,37
35,38
35,715
35,717
35,720
35,721
35,725
330,326
35,743
35,768
35,782
35,804
35,924
35,927
35,935
35,945
35,968
35,44922
35,44924
35,44928
35,184094
35,184108
35,184142
35,184279
35,184332
35,401873
35,438238
35,446598
717,33
717,715
717,720
717,721
717,743
717,768
717,804
717,924
717,927
717,935
717,945
717,968
717,44922
717,44924
717,44928
717,184094
717,184142
717,184279
717,184332
717,401873
717,438238
330,327
38,29
38,33
38,35
38,715
38,720
38,721
38,743
38,768
38,804
38,924
38,927
38,935
38,945
38,968
38,44922
38,44924
38,44928
38,184094
38,184142
38,184279
38,184332
38,401873
38,438238
330,328
330,329
330,331
330,332
330,333
330,334
330,335
330,336
330,337
330,338
330,339
330,340
330,341
330,342
330,343
330,344
330,345
782,741
782,742
782,768
782,787
330,346
782,788
782,789
782,927
330,347
330,348
330,349
330,350
330,927
703,33
703,42
703,43
703,51
703,56
703,57
703,58
703,59
703,60
703,62
703,65
703,66
703,67
703,68
703,69
703,70
703,72
703,73
703,74
703,75
703,76
703,77
703,79
703,80
703,81
703,82
703,84
703,86
703,87
703,88
703,89
703,90
703,92
703,93
703,701
703,704
703,715
703,720
703,721
703,743
703,768
703,804
703,924
703,927
703,935
703,945
703,968
703,974
703,44922
703,44924
703,44928
703,184094
703,184142
703,184279
703,184332
703,401873
703,438238
451129,448550
451129,451107
451129,451130
451129,451131
451129,451132
341,316
341,330
341,348
341,184344
317,330
970,33
970,715
970,720
970,721
970,743
970,768
970,804
970,924
970,927
970,935
970,945
970,957
970,967
970,968
317,344
970,973
970,41051
970,44904
970,44922
970,44924
970,44928
970,184094
970,184142
970,184279
970,184332
970,401873
970,438238
317,184344
317,451126
344,329
344,330
344,184344
956,40
956,951
956,968
958,40
958,951
965,40
965,951
965,968
405431,401873
405431,405203
405431,405205
405431,405206
405431,405215
405431,405222
405431,405223
405431,405225
405431,405230
405431,405233
405431,405235
960,40
960,951
960,968
405431,405238
405431,405239
405431,405432
405431,406550
975,33
975,743
975,768
975,927
321,330
975,184094
975,184142
975,184279
975,184332
975,401873
975,438238
976,33
976,743
976,768
976,927
976,184094
976,184142
976,184279
976,184332
976,401873
976,438238
321,184344
979,33
979,743
979,768
979,927
979,184094
979,184142
979,184279
979,184332
979,401873
979,438238
980,33
980,743
980,768
980,927
980,184094
980,184142
980,184279
980,184332
980,401873
980,438238
324,330
324,345
324,184344
350,322
350,330
350,184344
983,33
983,743
983,768
983,927
983,184094
983,184142
983,184279
327,324
983,184332
983,401873
983,438238
327,330
327,184344
342,328
342,330
342,184344
342,450694
985,33
985,743
985,768
985,927
985,184094
985,184142
985,184279
985,184332
985,401873
985,438238
41,24
41,40
41,66
41,83
41,84
41,703
41,451089
335,330
335,341
335,184344
989,33
989,743
989,768
989,927
989,975
989,976
989,977
989,978
989,979
989,980
989,981
989,982
989,983
989,984
989,985
989,986
989,987
989,988
989,1003
989,1004
989,1019
989,1035
989,1115
989,1132
989,1148
989,1163
989,1164
989,1178
989,184094
989,184142
989,184279
989,184332
989,401873
989,438238
1178,33
1178,743
1178,768
1178,927
1178,989
1178,1003
1178,1004
1178,1019
1178,1035
1178,1115
1178,1132
1178,1148
1178,1163
1178,1164
1178,1165
1178,1166
1178,1167
1178,1168
1178,1169
1178,1170
1178,1171
1178,1172
1178,1173
1178,1174
1178,1175
1178,1176
1178,1177
1178,184094
1178,184142
1178,184279
1178,184332
1178,401873
1178,438238
333,326
1163,33
1163,743
1163,768
1163,927
1163,989
333,330
1163,1003
1163,1004
1163,1019
1163,1035
1163,1115
1163,1132
1163,1148
1163,1149
1163,1150
1163,1151
1163,1152
1163,1153
1163,1154
1163,1155
1163,1156
1163,1157
1163,1158
1163,1159
1163,1160
1163,1161
1163,1162
1163,1164
1163,1178
1163,184094
1163,184142
1163,184279
1163,184332
1163,401873
1163,438238
333,184344
70,24
70,40
70,66
70,951
64,24
64,40
64,66
64,70
64,71
64,44924
82,24
82,40
82,66
82,448349
82,451126
63,24
63,40
63,85
63,938
63,948
63,401873
63,448350
63,448395
63,448396
63,448398
63,448400
63,448436
63,448437
63,448440
63,448442
63,448444
63,448445
63,448446
63,448447
63,448449
63,448537
51,24
51,40
51,44
51,45
51,46
51,47
51,48
51,49
51,50
51,52
51,53
51,54
51,55
51,66
405669,401873
405669,405714
405669,405718
405669,406550
405669,590515
448183,49902
448183,318577
448183,448192
448183,448195
448183,448197
448183,448199
448183,448204
448183,448205
448183,448222
448183,448223
1132,33
1132,743
1132,768
1132,927
1132,1093
1132,1094
1132,1095
1132,1096
1132,1097
1132,1098
1132,1100
1132,1117
1132,1118
1132,1119
1132,1120
1132,1121
1132,1122
1132,1123
1132,1124
1132,1125
1132,1126
1132,1127
1132,1128
1132,1129
1132,1130
1132,1131
1132,1133
1132,184094
1132,184142
1132,184279
1132,184332
1132,401873
1132,438238
1148,33
1148,743
1148,768
1148,927
1148,989
1148,1003
1148,1004
1148,1019
1148,1035
1148,1115
1148,1132
1148,1134
1148,1135
1148,1136
1148,1137
1148,1138
1148,1139
1148,1140
1148,1141
1148,1142
1148,1143
1148,1144
1148,1145
1148,1146
1148,1147
1148,1163
1148,1164
1148,1178
1148,184094
1148,184142
1148,184279
1148,184332
1148,401873
1148,438238
990,33
990,743
990,768
990,927
990,184094
990,184142
990,184279
990,184332
990,401873
990,438238
54,24
54,40
54,44
54,45
54,46
54,47
54,48
54,49
54,51
54,52
54,53
54,55
54,259939
54,401873
54,406457
54,438238
46,24
46,40
46,44
46,45
46,47
46,48
46,49
46,51
46,52
46,53
46,54
46,55
46,64495
46,401873
46,438238
48,24
48,40
48,42
48,44
48,45
48,46
48,47
993,33
48,49
993,743
48,51
993,768
48,52
993,927
48,53
993,184094
48,54
993,184142
48,55
993,184279
48,61
993,184332
48,64
993,401873
48,84
993,438238
48,401873
48,438238
48,451089
996,33
996,743
996,768
996,927
996,184094
996,184142
996,184279
996,184332
996,401873
996,438238
448824,448833
406470,723
406470,768
406470,44924
406470,401873
406470,401896
406470,405343
406470,406413
406470,406443
406470,406454
406470,406458
406470,406499
406470,406550
382,372
382,375
382,184094
382,184344
448162,438238
448162,442087
448162,442088
448162,447574
448162,448158
448162,448161
448162,448164
448162,448165
448162,448166
448162,448167
448162,448168
448162,448169
448162,448170
448162,448171
448162,448172
448162,448173
448162,448175
448162,448176
448162,448277
57,24
57,40
57,66
57,86
57,451126
1001,33
1001,743
1001,768
1001,927
1001,184094
1001,184142
1001,184279
1001,184332
1001,401873
1001,438238
1006,33
1006,743
1006,768
1006,927
1006,184094
1006,184142
1006,184279
1006,184332
1006,401873
1006,438238
1008,33
1008,743
1008,768
1008,927
1008,184094
1008,184142
1008,184279
1008,184332
1008,401873
1008,438238
1011,33
1011,743
1011,768
1011,927
1011,184094
1011,184142
1011,184279
1011,184332
1011,401873
1011,438238
1014,33
1014,743
1014,768
1014,927
1014,184094
1014,184142
1014,184279
1014,184332
1014,401873
1014,438238
1017,33
1017,743
1017,768
1017,927
1017,184094
1017,184142
1017,184279
1017,184332
1017,401873
1017,438238
404489,108499
357,365
357,369
357,372
357,374
357,64417
357,184344
357,450694
1023,33
1023,743
1023,768
1023,927
1023,184094
1023,184142
1023,184279
1023,184332
1023,401873
1023,438238
381,372
381,387
1025,33
1025,743
1025,768
1025,927
1025,184094
1025,184142
1025,184279
1025,184332
1025,401873
1025,438238
1026,33
1026,743
1026,768
1026,927
1026,184094
1026,184142
1026,184279
1026,184332
1026,401873
1026,438238
1028,33
1028,743
1028,768
381,184344
1028,927
1028,184094
1028,184142
1028,184279
1028,184332
1028,401873
1028,438238
1030,33
1030,743
1030,768
1030,927
1030,184094
1030,184142
1030,184279
1030,184332
1030,401873
1030,438238
361,354
361,372
361,184344
361,448349
361,448426
158099,64417
158099,158102
158099,158107
158099,158114
158099,158117
158099,158118
158099,158749
158099,438238
158099,447574
158099,451126
368,372
451126,448537
368,401
368,184344
366,372
366,395
366,184344
406526,109860
406526,401873
1073,33
1073,743
1073,768
1073,927
1073,1040
1073,1041
1073,1042
1073,1043
1073,1045
1073,1051
1073,1052
1073,1053
1073,1054
1073,1055
406526,406550
398,364
398,372
398,184344
401,372
401,376
401,184344
370,355
370,372
370,184344
930,33
930,715
930,720
930,721
930,743
930,768
930,804
930,912
930,914
930,916
930,918
930,919
930,924
930,927
930,931
930,932
930,933
930,934
930,935
930,936
930,937
930,938
930,939
930,945
930,968
930,44922
930,44924
930,44928
930,184094
930,184142
930,184279
930,184332
930,401873
930,404101
930,438238
930,446598
387,372
387,184344
392,372
392,373
392,184344
376,372
376,374
376,184344
391,372
391,384
391,184344
373,372
373,380
373,184344
379,361
379,372
379,184344
388,356
388,372
388,184344
388,451126
397,367
397,372
397,396
397,184344
185838,186755
157346,157351
157346,157356
157346,157628
157346,157686
157346,158098
157346,438238
402,40
402,424
402,426
424,40
424,422
424,426
407,40
407,417
407,426
448447,448427
448447,448428
448447,448429
448447,448434
448447,448437
440,40
448444,184094
448444,448428
448444,448429
448444,448434
448444,448437
440,402
440,426
448437,448143
448437,448428
448437,448429
448437,448434
448437,448435
448437,448436
448437,448439
448437,448440
448437,448441
448437,448442
448437,448443
448437,448444
448437,448445
448437,448446
448437,448447
448437,448448
448437,448449
85,40
85,451128
410,40
410,418
410,426
448400,448344
448400,448349
416,40
416,405
416,426
415,40
68,24
68,40
68,66
68,83
68,84
68,64425
68,451095
415,406
415,426
437,40
437,412
437,426
951,33
951,715
951,720
951,721
951,743
951,768
951,804
951,924
951,927
951,935
951,945
951,950
951,966
951,967
951,968
951,969
419,40
951,970
951,971
951,972
951,973
951,44922
951,44924
951,44928
951,184094
951,184142
951,184279
951,184332
951,401873
951,438238
419,426
419,427
419,449055
427,40
427,413
427,426
422,40
422,423
422,426
75,33
75,703
75,715
75,720
75,721
75,722
75,743
75,768
75,804
75,924
75,927
75,935
75,945
75,968
75,44922
75,44924
75,44928
75,184094
75,184142
75,184279
75,184332
75,401873
75,438238
76,24
76,33
76,703
76,715
76,720
76,721
76,723
76,743
76,768
76,804
76,924
76,927
76,935
76,945
76,968
76,44922
76,44924
76,44928
76,184094
76,184142
76,184279
76,184332
76,401873
76,438238
76,448184
448184,448191
434,40
434,426
434,432
434,451126
431,40
431,421
431,426
429,40
429,420
429,426
79,24
79,40
79,66
460,24
446908,446909
446908,446910
89,24
89,40
89,66
460,40
89,446908
90,24
90,40
90,66
90,91
90,448537
460,442
460,443
460,444
460,445
460,446
93,33
93,80
93,703
93,715
93,720
93,721
93,722
93,743
460,447
93,768
93,804
93,924
93,927
93,935
93,945
93,968
93,44922
93,44924
93,44928
93,184094
93,184142
93,184279
93,184332
93,401873
93,438238
93,448274
448274,438238
448274,442069
448274,442222
448274,442223
448274,448291
448274,448293
448274,448327
448274,448329
448274,448673
448274,450749
460,448
460,449
460,450
460,451
460,452
460,453
460,454
460,455
460,456
460,457
460,458
460,459
460,461
460,462
460,463
460,464
460,465
460,466
460,467
460,468
460,469
460,470
460,471
460,472
460,473
460,474
460,475
460,476
460,477
460,478
460,479
460,480
460,481
460,482
460,483
460,484
460,485
460,486
460,487
460,488
460,489
460,401873
460,438238
454,40
454,445
454,460
454,438634
698,24
698,40
698,719
698,768
698,44924
698,49902
698,64416
698,105939
698,158167
698,169650
698,318577
698,401873
698,401909
698,401941
698,402107
698,403448
698,403493
698,403507
698,404013
698,404379
454,438635
698,405156
698,405227
698,405434
698,406422
698,406460
698,406555
698,438238
698,446908
698,448183
698,448274
698,449625
698,460928
695,24
695,40
695,719
695,801
695,44924
695,49902
695,64416
695,64417
695,157346
695,158141
695,158745
695,183423
695,254912
695,259939
695,401873
695,403492
695,403495
695,403507
695,403884
695,405720
695,438238
695,446598
695,446608
695,448127
695,448671
695,450384
695,455980
695,460928
95,97
95,127
127,95
127,124
99,97
99,102
101,100
101,103
106,104
106,108
447,40
111,108
447,460
111,112
447,470
447,403225
114,112
114,117
117,114
117,119
118,116
118,120
120,118
120,123
451,40
451,460
451,472
452,40
452,456
452,460
402615,107021
402615,402659
476,40
476,460
476,468
476,446987
478,40
478,450
478,460
478,446172
487,40
487,443
487,457
487,460
488,40
488,460
488,487
463,40
463,460
463,462
463,477
463,484
463,516
482,40
482,460
482,472
482,480
481,40
481,460
481,488
481,448349
481,448426
466,40
466,453
466,460
469,40
469,460
469,465
469,401964
471,40
471,460
471,463
471,446987
516,40
516,510
516,540
516,448349
516,448426
446172,441498
446172,444090
446172,444091
446172,444119
446172,444124
446172,445835
446172,446173
446172,446174
491,40
491,492
491,510
492,40
492,495
492,510
497,40
497,492
497,508
497,510
497,155315
445526,157346
445526,185933
445526,317663
445526,372332
445526,401971
445526,445527
445526,445528
445526,445529
445526,447574
533,40
533,510
533,514
533,401873
155315,155318
155315,155323
155315,155371
155315,155439
155315,155445
155315,155446
155315,155453
155315,155455
498,40
498,510
498,534
534,40
534,510
534,539
500,40
500,496
500,503
500,510
500,401941
500,401970
503,40
503,510
503,519
503,405431
506,40
506,510
506,538
538,40
538,510
538,515
509,40
509,502
509,510
511,40
511,493
511,510
511,522
511,448183
540,40
540,510
540,521
540,448349
540,448426
528,40
528,506
528,510
528,446987
545,40
545,510
545,536
523,40
523,510
523,527
543,40
543,498
543,510
524,40
524,510
524,543
518,40
518,510
518,512
518,158110
567,40
567,565
567,573
551,40
551,565
551,577
49740,460928
554,40
554,565
554,574
574,40
574,565
574,590
557,40
557,560
557,565
560,40
560,548
560,565
572,40
572,565
572,571
569,40
569,562
569,565
578,40
578,554
578,565
571,40
571,565
571,448349
571,448426
588,40
588,565
588,587
587,40
587,565
587,569
587,448184
587,448193
584,40
584,547
584,565
584,401873
581,40
581,563
581,565
581,438238
448344,448139
448344,448291
448344,448345
448344,448346
448344,448347
448344,448348
448344,448349
448193,49902
448193,318577
448193,448192
448193,448195
448193,448197
448193,448199
448193,448204
448193,448205
448193,448222
448193,448223
592,40
592,613
592,614
614,40
614,613
614,622
594,40
594,613
594,615
598,40
598,613
598,626
597,40
597,605
597,613
605,40
605,603
605,613
605,402659
600,40
600,613
600,634
634,40
634,604
634,613
634,639
603,40
603,597
603,613
603,641
641,40
641,613
641,618
641,636
641,447002
641,447004
639,40
639,600
639,613
633,40
633,613
633,629
633,438238
609,40
609,611
609,613
609,625
611,40
611,613
611,619
623,40
623,597
623,613
623,44924
624,40
624,43
624,613
624,618
624,448349
624,448426
618,40
618,613
618,620
618,448349
618,448426
617,40
617,610
617,613
629,40
629,613
629,642
49902,448184
203336,203341
203336,203346
203336,203618
203336,203676
203336,204124
203336,438238
401896,49740
401896,259939
401896,401873
401896,401899
401896,401900
401896,401901
401896,401902
401896,401903
401896,401904
401896,401906
401896,406550
401896,450767
254912,401873
254912,406550
447004,158159
447004,447002
447004,447980
447004,448359
447004,448401
644,40
644,655
644,693
644,402909
693,24
693,40
693,644
693,645
693,646
693,647
693,648
693,649
693,650
693,651
693,652
693,653
693,654
693,655
693,656
693,657
693,658
693,659
693,660
693,661
693,662
693,663
693,664
693,665
693,666
693,667
693,668
693,669
693,670
693,671
693,672
693,673
693,674
693,675
693,676
693,677
693,678
693,679
693,680
693,681
693,682
693,683
693,684
693,685
693,686
693,687
693,688
693,689
693,690
693,691
693,692
693,401873
693,438238
655,40
655,666
655,693
647,40
647,648
647,693
648,40
648,649
648,693
650,40
650,651
650,693
653,40
653,646
653,654
653,693
653,401873
658,40
658,659
658,665
658,693
660,40
660,661
660,679
660,693
802,24
444355,204899
444355,438238
444355,444392
444355,444438
444355,444539
444355,444552
444355,444562
444355,444564
444355,444569
444355,444587
444355,445526
667,40
667,668
667,693
444574,444343
444574,444586
444574,444588
444574,444589
669,40
669,670
669,693
669,448230
671,40
671,672
671,693
671,49902
448213,49902
448213,448193
448213,448197
448213,448207
448213,448214
448213,448215
448213,448216
448213,448217
448213,448218
448213,448219
448213,448220
448213,448221
672,40
672,673
672,693
674,40
674,675
674,693
674,448349
674,448426
678,40
678,679
678,693
688,40
688,689
688,693
688,157346
681,40
681,682
681,693
184291,184094
184291,184137
184291,184150
184291,184276
184291,184290
184291,184292
184291,184293
184291,184294
184291,184295
184291,184297
184291,184298
184291,184299
184291,184301
184291,184302
184291,184304
184291,184305
184291,184324
184291,184330
184291,184338
184137,184094
184137,184138
184137,184139
184137,184142
184137,184146
184137,184150
184137,184276
184137,184324
184137,184330
184137,184338
64453,64417
64453,64423
64453,64450
64453,64452
64453,438238
64453,442029
64453,446985
64453,448156
686,40
686,687
686,693
690,40
690,691
690,693
690,403448
404495,401873
404495,404491
404495,404493
404495,406550
186957,49841
186957,65316
186957,140808
186957,186958
186957,186959
186957,186963
186957,186965
186957,317637
186957,372332
186957,401873
186957,431834
186957,432306
186957,432798
186957,438238
186957,440433
186957,442897
186957,442904
186957,444343
186957,444364
186957,444368
186957,444383
186957,444426
186957,444563
186957,444568
186957,450496
186957,450502
186957,450675
186957,450698
186957,450700
186957,450710
186957,450768
186957,450769
186957,450792
186957,450794
186957,450820
186957,450884
186957,450898
186957,450903
186957,450905
186957,451018
406557,401873
406557,406550
406557,406551
406557,406555
801,24
403507,401873
403507,401878
403507,402659
403507,403450
403507,403454
403507,403456
403507,403466
403507,403467
403507,403476
403507,403488
403507,403492
403507,403493
403507,403494
403507,403505
403507,406550
403492,401873
403492,402659
403492,403450
403492,403452
403492,403453
403492,403454
403492,403456
403492,403466
403492,403467
403492,403476
403492,403493
403492,403494
403492,403505
403492,403507
403492,406550
403884,401873
403884,403879
403884,403880
403884,403887
403884,406550
403884,430351
448127,442029
448127,448128
448127,448129
448127,450757
158141,158099
158141,158117
158141,158118
158141,158140
448231,438238
448231,447574
448130,438238
448130,447574
448130,448126
448130,448131
448130,448133
448130,448134
448130,448145
169664,448349
403559,204683
403559,401873
403559,403509
403559,403510
403559,403511
403559,403512
403559,403513
403559,403514
403559,403515
403559,403516
403559,403517
403559,403518
403559,403519
403559,403520
403559,403521
403559,403522
403559,403523
403559,403524
403559,403525
403559,403526
403559,403527
403559,403528
