403559,403529
403559,403530
403559,403531
403559,403532
403559,403533
403559,403534
403559,403535
403559,403536
403559,403537
403559,403538
403559,403539
403559,403540
403559,403541
403559,403542
403559,403543
403559,403544
403559,403545
403559,403546
403559,403549
403559,403550
403559,403552
403559,403561
403559,403566
403559,403595
403559,404456
403559,406550
448873,447574
448873,448824
448873,448833
444353,444349
444353,444350
444353,444351
444353,444352
444353,444354
444353,444356
444353,444392
444353,444438
444353,444441
444353,444442
444353,444443
444353,444444
444353,444459
444353,444460
444353,444467
444353,444469
444353,444473
444353,444475
444353,444479
444353,444480
444353,444483
444353,444485
444353,444487
444353,444489
444353,444492
444353,444495
444353,444496
444353,444497
444353,444498
444353,444502
444353,444504
444353,444505
444353,444506
444353,444508
444353,444509
444353,444516
444353,444517
444353,444518
444353,444519
444353,444520
444353,444521
444353,444522
444353,444523
444353,444524
444353,444525
444353,444527
444353,444528
444353,444531
444353,444532
444353,444533
444353,444536
444353,444539
444353,444552
444353,444562
444353,444564
444353,444569
444353,444587
401969,401873
401969,401948
401969,401964
401969,402110
401969,402147
401969,402875
401969,404018
401969,404029
401969,406550
401878,401879
401878,401880
401878,401881
401878,401882
401878,401883
401878,401884
401878,401885
401878,401888
401878,401889
401878,401890
401878,401891
401878,401892
401878,401893
401878,401894
448147,438238
448147,447574
448147,448126
448147,448145
448147,448148
448147,448149
448147,448150
448147,448151
448147,448152
448147,448153
405156,109130
405156,401873
405156,405163
405156,406550
446982,438238
446982,446981
446982,446983
446982,447574
446982,448126
447990,170913
447990,438238
447990,447574
447990,447587
447990,449059
405380,401873
405380,405203
405380,405205
405380,405206
405380,405215
405380,405222
405380,405223
405380,405225
405380,405230
405380,405233
405380,405235
405380,405238
405380,405239
405380,405375
405380,405376
405380,405427
405380,405804
405380,406550
403493,401873
403493,402615
403493,402659
403493,403450
403493,403451
403493,403467
403493,403492
403493,403494
403493,403495
403493,403505
403493,403507
403493,406550
403471,401873
403471,403448
403471,403472
403471,403473
403471,403474
403471,403475
403471,403876
403471,406550
158749,158099
158749,158100
158749,158101
158749,158117
158167,158099
158167,158110
158167,158117
158167,158118
158167,158124
158167,158141
158167,158742
449625,449896
449625,449902
449625,449903
449625,449904
449625,449907
449625,449908
449625,449910
449625,449911
449625,449912
449625,449914
449625,449915
449625,449916
449625,450041
449625,450042
449625,450043
449625,450044
449625,450045
449625,450046
449625,450047
449625,450048
449625,450049
449625,450057
405434,401873
405434,405203
405434,405205
405434,405206
405434,405215
405434,405222
405434,405223
405434,405225
405434,405230
405434,405233
405434,405235
405434,405238
405434,405239
405434,405426
405434,406550
401909,40
401909,169656
401909,401873
401909,403507
401909,404379
401909,406458
401909,406550
402107,109839
402107,259939
402107,401873
402107,402102
402107,402104
402107,402105
402107,402106
402107,402110
402107,402135
402107,402136
402107,402138
402107,402149
402107,402152
402107,404360
402107,404407
402107,406550
318577,448207
406460,401873
406460,404359
406460,405089
406460,406475
406460,406550
169650,169644
105939,438238
105939,447574
105939,448241
105939,448245
105939,448249
105939,448252
105939,448253
105939,448263
105939,448273
105939,448274
404013,401873
404013,401941
404013,403879
404013,403884
404013,406550
406555,401873
406555,406550
405227,401873
405227,403879
405227,403882
405227,403883
405227,403884
405227,403885
405227,403886
405227,405203
405227,405205
405227,405206
405227,405215
405227,405222
405227,405223
405227,405225
405227,405230
405227,405233
405227,405235
405227,405238
405227,405239
405227,405392
405227,406550
405227,430273
404379,254912
404379,401873
404379,401941
404379,401969
404379,402138
404379,402883
404379,404380
404379,404381
404379,404784
404379,405796
404379,406516
404379,406550
406422,401873
406422,401952
406422,401970
406422,401975
406422,402013
406422,402049
406422,402051
406422,402107
406422,402114
406422,402127
406422,402128
406422,402130
406422,402131
406422,402855
406422,402857
406422,402858
406422,402860
406422,402876
406422,402877
406422,402878
406422,402901
406422,403140
406422,403198
406422,403229
406422,403266
406422,403419
406422,403565
406422,403606
406422,403702
406422,403746
406422,403752
406422,403894
406422,403930
406422,403940
406422,404026
406422,404027
406422,404117
406422,404501
406422,404785
406422,404875
406422,405034
406422,405093
406422,405105
406422,405129
406422,405140
406422,405146
406422,405148
406422,405149
406422,405155
406422,405667
406422,405696
406422,406550
445556,445540
445556,445541
445556,445543
445556,445544
445556,445552
445556,445557
445556,445558
445556,445559
445559,445540
445559,445541
445559,445543
445559,445544
445559,445552
445559,445553
445559,445554
445559,445556
445559,445557
445559,445558
448830,447574
448830,448833
158928,158750
158928,158864
158928,158865
158928,158867
158928,158868
158928,158869
158928,158870
158928,158871
158928,158872
158928,158876
158928,158881
158928,158884
158928,158892
158928,158894
158928,158895
158928,158896
158928,158898
158928,158900
158928,158902
158928,158903
158928,158905
158928,158907
158928,158909
158928,158911
158928,158914
158928,158915
158928,158916
158928,158919
158928,158921
158928,158923
158928,158925
158928,158926
158928,158983
158928,162996
158928,168678
158928,169579
158928,401878
166687,158750
166687,165913
166687,165917
166687,165922
166687,165927
166687,168678
166687,169579
405198,938
405198,184296
405198,401873
405198,406550
724,94
724,734
724,742
724,777
724,782
724,787
724,789
724,927
724,445526
724,455701
44927,33
44927,715
44927,720
44927,721
44927,743
44927,768
44927,804
44927,924
44927,927
44927,935
44927,945
44927,968
44927,44922
44927,44924
44927,44928
44927,184094
44927,184142
44927,184279
44927,184332
44927,401873
44927,402100
44927,402854
44927,402885
44927,404163
44927,438238
44927,446598
44927,448873
166060,158750
166060,159285
166060,166034
166060,166035
166060,166036
166060,166037
166060,166038
166060,166039
166060,166040
166060,166041
166060,166042
166060,166043
166060,166044
166060,166045
166060,166046
166060,166047
166060,166048
166060,166049
166060,166050
166060,166051
166060,166052
166060,166053
166060,166054
166060,166055
166060,166056
166060,166057
166060,166058
166060,166059
166060,168678
166060,169579
974,33
974,715
974,720
974,721
974,743
974,768
974,804
974,924
974,927
974,935
974,945
974,952
974,953
974,954
974,955
974,956
974,957
974,958
974,959
974,960
974,961
974,962
974,963
974,964
974,965
974,968
974,44922
974,44924
974,44928
974,184094
974,184142
974,184279
974,184332
974,401873
974,438238
704,705
704,706
704,707
704,708
704,709
704,711
704,712
704,713
704,714
704,401971
712,706
712,710
707,708
707,710
707,711
707,404358
706,24
706,708
706,710
706,712
706,184094
706,403448
713,705
713,710
713,259939
713,401873
713,401896
713,401970
709,705
709,710
709,714
709,401975
709,401985
709,402442
709,402909
709,403995
709,404108
711,707
711,710
711,714
711,404100
708,706
708,707
708,710
708,157027
708,437153
401971,24
401971,40
401971,58
401971,721
401971,802
401971,930
401971,940
401971,951
401971,44905
401971,157346
401971,184094
401971,401873
401971,402901
401971,403448
401971,405156
401971,406470
401971,406550
401971,446908
401971,447574
714,709
714,710
714,711
714,402100
714,402854
714,402885
714,404011
714,404163
714,405200
705,709
705,710
705,713
710,705
710,706
710,707
710,708
710,709
710,711
710,712
710,713
710,714
710,401971
404358,401873
404358,404359
404358,404361
404358,404362
404358,406550
157027,104902
157027,155744
157027,156398
157027,156416
157027,156423
157027,156450
157027,156640
157027,156963
157027,157029
157027,157061
157027,157062
157027,157063
157027,157065
157027,157066
157027,157077
157027,157078
157027,157080
157027,157083
157027,157084
157027,157085
157027,157168
157027,157257
157027,186968
157027,401873
157027,428428
157027,429379
157027,430307
157027,430455
157027,438237
157027,438238
157027,439410
437153,401873
437153,434168
437153,437097
437153,437103
437153,437124
437153,437155
437153,437156
437153,437158
437153,437159
437153,437162
437153,437164
437153,437167
437153,437170
437153,437171
437153,437172
437153,437174
437153,437175
437153,437176
437153,437180
437153,437181
437153,437194
437153,437199
437153,437200
437153,437203
437153,437204
437153,437205
437153,437207
437153,437208
437153,437289
437153,437299
437153,437791
437153,437796
437153,437806
437153,437836
437153,437845
437153,438238
402442,401873
402442,402443
402442,402466
402442,402467
402442,402468
402442,402503
402442,402507
402442,402518
402442,402546
402442,402547
402442,406550
404108,401873
404108,404116
404108,404156
404108,404158
404108,406550
401985,401873
401985,402013
401985,402017
401985,402029
401985,402046
401985,406550
401975,401873
401975,401976
401975,401978
401975,401980
401975,401981
401975,401983
401975,401984
401975,406550
404100,24
404100,401873
404100,404101
404100,404103
404100,406550
404163,404178
404163,404237
404163,404259
402854,107257
402854,401873
402854,401941
402854,401969
402854,402856
402854,402858
402854,402859
402854,402861
402854,402871
402854,402879
402854,402881
402854,402882
402854,402883
402854,404379
402854,404784
402854,405796
402854,406550
404011,401873
404011,401904
404011,401941
404011,403884
404011,404013
404011,404014
404011,404017
404011,404020
404011,404029
404011,404068
404011,404098
404011,404099
404011,404379
404011,404784
404011,406550
402100,401873
402100,402107
402100,402109
402100,402131
402100,402142
402100,402143
402100,402144
402100,402146
402100,402147
402100,402148
402100,402150
402100,406550
405200,401873
405200,405231
405200,405235
405200,405236
405200,405237
405200,406550
402885,107278
402885,401873
402885,402886
402885,402888
402885,402889
402885,406550
446601,24
446601,446599
446601,446600
446601,446602
446601,446603
446601,446604
446601,446605
446601,446606
455701,768
455701,445538
734,741
734,742
734,768
734,787
734,788
734,789
734,927
742,726
742,730
742,735
742,741
742,743
742,744
742,747
742,751
742,756
742,760
742,761
742,764
742,768
742,769
742,773
742,777
742,778
742,783
742,784
742,787
742,788
742,789
742,790
742,927
777,739
777,741
777,742
777,755
777,768
777,787
777,788
777,789
777,927
789,741
789,742
789,768
789,777
789,787
789,788
789,927
787,740
787,741
787,742
787,768
787,777
787,788
787,789
787,927
741,768
741,927
788,768
788,927
726,728
726,729
726,768
729,727
729,728
729,768
728,727
728,729
728,768
727,728
727,729
727,768
730,732
730,733
730,768
733,731
733,732
733,768
732,731
732,733
732,768
731,732
731,733
731,768
735,737
735,738
735,768
738,736
738,737
738,768
737,736
737,738
737,768
736,737
736,738
736,768
739,777
739,789
739,927
740,40
740,768
740,787
740,878
740,927
740,44924
740,448183
878,803
878,868
878,869
878,870
878,872
878,873
878,875
878,877
878,889
878,910
764,766
764,767
764,768
769,768
769,771
769,772
784,768
784,785
784,786
747,749
747,750
747,768
747,172886
747,172984
744,741
744,745
744,746
744,768
744,788
744,927
744,445538
760,724
760,762
760,763
760,768
751,753
751,754
751,768
761,724
761,762
761,763
761,768
783,768
783,785
783,786
790,768
790,792
790,793
773,768
773,775
773,776
756,758
756,759
756,768
778,768
778,780
778,781
745,744
745,746
745,768
745,445538
746,744
746,745
746,768
746,795
795,796
172886,174434
172886,174441
172886,174452
172886,174458
172886,174634
172886,174839
172886,175287
172886,175534
172886,175542
172886,438238
750,748
750,749
750,768
749,748
749,750
749,768
172984,172886
172984,172987
172984,172988
172984,172989
172984,172993
172984,173025
172984,173026
172984,173028
172984,173029
172984,173042
172984,173045
172984,173067
172984,174839
172984,175209
172984,175282
172984,175287
172984,438238
172984,443730
172984,444392
172984,451019
748,749
748,750
748,768
748,172886
748,172984
753,752
753,754
753,768
754,752
754,753
754,768
752,753
752,754
752,768
755,739
755,741
755,742
755,768
755,787
755,788
755,789
755,927
758,757
758,759
758,768
759,757
759,758
759,768
757,758
757,759
757,768
762,761
762,763
762,768
763,761
763,762
763,768
767,765
767,766
767,768
766,765
766,767
766,768
765,766
765,767
765,768
771,768
771,770
771,772
772,768
772,770
772,771
770,768
770,771
770,772
775,768
775,774
775,776
776,768
776,774
776,775
774,768
774,775
774,776
780,768
780,779
780,781
781,768
781,779
781,780
779,768
779,780
779,781
786,768
786,784
786,785
785,768
785,784
785,786
792,768
792,791
792,793
793,768
793,791
793,792
791,768
791,792
791,793
794,768
794,796
796,768
796,795
796,797
796,798
796,799
796,800
798,768
798,796
799,795
800,768
800,796
797,768
797,796
803,24
184345,24
184345,401873
184345,438238
860,861
866,805
866,806
866,813
866,861
866,864
866,867
864,805
864,806
864,813
864,861
864,862
864,863
864,865
864,866
864,867
864,64417
864,184344
864,401873
864,447574
864,447575
864,448156
864,448162
864,448193
451088,49217
451088,105941
451088,140808
451088,184094
451088,401873
451088,430966
451088,431835
451088,434168
451088,438398
451088,439071
451088,440433
451088,440836
451088,442639
451088,442680
451088,444169
451088,444392
451088,444426
451088,444858
451088,444881
451088,445259
451088,450675
451088,450678
451088,450679
451088,450681
451088,450692
451088,450695
451088,450698
451088,450699
451088,450700
451088,450703
451088,450704
451088,450705
451088,450707
451088,450708
451088,450710
451088,450711
451088,450712
451088,450713
451088,450715
451088,450716
451088,450717
451088,450718
451088,450719
451088,450720
451088,450721
451088,450722
451088,450723
451088,450724
451088,450725
451088,450726
451088,450727
451088,450728
451088,450729
451088,450730
451088,450732
451088,450733
451088,450734
451088,450735
451088,450736
451088,450737
451088,450738
451088,450749
451088,450768
451088,450770
451088,450777
451088,450786
451088,450792
451088,450794
451088,450818
451088,450822
451088,450884
451088,450898
451088,450905
451088,450918
451088,450927
451088,451017
451088,451019
451088,451020
451088,451022
451088,451087
451088,457094
451088,457735
406520,40
406520,951
406520,184094
406520,401876
406520,401896
406520,401909
406520,401941
406520,401970
406520,401971
406520,402082
406520,403841
406520,404424
406520,406408
406520,406412
406520,406413
406520,406498
406520,406519
406520,406526
406520,406528
406520,406548
406520,406550
406520,438238
867,805
867,806
867,813
867,860
867,861
867,864
867,866
867,184345
867,406520
867,451088
805,806
805,813
805,861
805,864
805,866
805,867
806,805
806,813
806,861
806,864
806,866
806,867
861,805
861,806
861,813
861,821
861,822
861,823
861,824
861,825
861,826
861,827
861,828
861,829
861,830
861,831
861,832
861,833
861,834
861,835
861,836
861,837
861,838
861,839
861,840
861,841
861,842
861,843
861,844
861,845
861,846
861,847
861,848
861,849
861,850
861,851
861,853
861,854
861,855
861,856
861,857
861,858
861,859
861,860
861,864
861,866
861,867
813,805
813,806
813,808
813,809
813,810
813,811
813,812
813,814
813,818
813,820
813,861
813,864
813,866
813,867
807,814
814,805
814,806
814,807
814,813
814,815
814,816
814,817
814,819
814,861
814,864
814,866
814,867
814,448162
808,805
808,806
808,813
808,861
808,864
808,866
808,867
808,448551
448551,446987
448551,446992
448551,448540
448551,448548
448551,448549
448551,448550
809,805
809,806
809,813
809,861
809,864
809,866
809,867
810,805
810,806
810,813
810,861
810,864
810,866
810,867
811,805
811,806
811,813
811,861
811,864
811,866
811,867
812,805
812,806
812,813
812,861
812,864
812,866
812,867
820,805
820,806
820,813
820,861
820,864
820,866
820,867
819,814
817,814
817,448537
815,814
816,814
821,861
822,861
822,867
822,450694
823,861
824,819
824,861
825,861
826,861
827,861
828,861
829,861
830,861
831,861
832,861
833,861
834,861
835,852
835,861
852,835
852,861
836,861
837,861
838,861
839,861
840,861
841,861
842,861
843,861
844,861
845,861
846,861
847,861
848,861
849,861
850,861
851,861
853,861
854,861
855,861
856,861
857,861
858,861
859,861
859,447980
447980,477
447980,158143
447980,158743
447980,447002
447980,447587
447980,447981
447980,447983
447980,447984
447980,447985
447980,448000
447980,448327
447980,448359
447980,448401
447980,448409
447980,448417
447980,448419
447980,448535
447980,448537
862,805
862,806
862,813
862,861
862,864
862,866
862,867
863,805
863,806
863,813
863,861
863,864
863,866
863,867
447574,438238
447574,448183
447574,448232
447574,448238
447574,448333
447574,448450
447574,448452
447574,448553
447574,448554
447574,450749
447574,450759
447575,447576
447575,447577
447575,447578
447575,447579
447575,447580
447575,447581
447575,447582
447575,447583
447575,447584
447575,447585
447575,447586
447575,447587
447575,447588
865,805
865,806
865,813
865,861
865,864
865,866
865,867
868,24
869,24
870,24
872,24
873,24
875,876
876,875
877,24
910,803
910,868
910,869
910,870
910,872
910,873
910,877
910,878
910,892
910,898
910,903
910,909
889,880
889,882
879,881
881,883
880,881
883,884
883,885
882,879
882,883
882,884
882,885
882,886
884,887
885,886
887,888
890,877
890,891
890,892
890,893
890,894
890,895
895,890
895,891
895,892
895,893
895,910
894,877
894,890
894,891
894,892
894,893
894,895
892,877
892,890
892,891
892,893
892,894
892,895
893,890
893,891
893,892
893,894
893,895
893,910
891,892
891,893
891,894
891,895
891,910
891,454315
891,454577
454315,438238
454577,24
454577,719
454577,724
454577,44905
896,454315
896,454577
897,896
897,910
898,896
898,897
898,910
900,901
901,454315
901,454577
902,877
902,899
902,900
902,904
902,905
902,906
902,907
903,901
903,902
903,906
903,910
908,454315
908,454577
909,908
909,910
911,927
911,934
911,935
911,401873
911,438238
934,33
934,715
934,718
934,720
934,721
934,743
934,768
934,804
934,911
934,913
934,915
934,917
934,919
934,924
934,927
934,935
934,938
934,945
934,968
934,44922
934,44924
934,44928
934,64417
934,184094
934,184142
934,184279
934,184332
934,401873
934,417458
934,438238
934,440222
934,447587
934,448349
934,448426
934,448537
912,927
912,934
912,935
912,401873
912,438238
913,927
913,934
913,935
913,401873
913,438238
914,927
914,934
914,935
914,401873
914,438238
915,927
915,934
915,935
915,401873
915,438238
915,448349
915,448359
915,448426
448359,447574
448359,448291
448359,448349
448359,448360
448359,448376
448359,448386
916,927
916,934
916,935
916,401873
916,438238
916,448349
916,448359
916,448426
917,927
917,934
917,935
917,401873
917,438238
918,927
918,934
918,935
918,401873
918,438238
919,927
919,934
919,935
919,938
919,948
919,401873
919,438238
920,927
920,944
920,945
920,401873
920,438238
944,33
944,715
944,718
944,720
944,721
944,743
944,768
944,804
944,920
944,921
944,922
944,923
944,924
944,927
944,935
944,945
944,948
944,968
944,44922
944,44924
944,44928
944,64417
944,184094
944,184142
944,184279
944,184332
944,401873
944,417458
944,438238
944,440222
944,447587
944,448349
944,448426
944,448537
944,460928
921,927
921,944
921,945
921,401873
921,438238
921,448349
921,448426
922,927
922,944
922,945
922,401873
922,438238
923,927
923,938
923,944
923,945
923,948
923,401873
923,438238
926,33
926,715
926,720
926,721
926,743
926,768
926,804
926,924
926,927
926,935
926,945
926,968
926,44922
926,44924
926,44928
926,184094
926,184142
926,184279
926,184332
926,401873
926,438238
925,33
925,715
925,720
925,721
925,743
925,768
925,804
925,924
925,927
925,935
925,945
925,951
925,968
925,44904
925,44922
925,44924
925,44928
925,184094
925,184142
925,184279
925,184332
925,401873
925,438238
44904,33
44904,715
44904,720
44904,721
44904,743
44904,768
44904,804
44904,924
44904,927
44904,935
44904,937
44904,945
44904,947
44904,968
44904,44922
44904,44924
44904,44928
44904,184094
44904,184142
44904,184279
44904,184332
44904,401873
44904,438238
928,33
928,715
928,720
928,721
928,743
928,768
928,804
928,924
928,927
928,935
928,945
928,968
928,44922
928,44924
928,44928
928,184094
928,184142
928,184279
928,184332
928,401873
928,438238
929,33
929,715
929,720
929,721
929,743
929,768
929,804
929,924
929,927
929,932
929,935
929,945
929,968
929,44922
929,44924
929,44928
929,184094
929,184142
929,184279
929,184332
929,401873
929,438238
932,33
932,715
932,720
932,721
932,743
932,768
932,804
932,924
932,927
932,928
932,929
932,935
932,939
932,945
932,968
932,44922
932,44924
932,44928
932,184094
932,184142
932,184279
932,184332
932,401873
932,438238
931,33
931,715
931,720
931,721
931,743
931,768
931,804
931,924
931,927
931,935
931,945
931,968
931,44922
931,44924
931,44928
931,184094
931,184142
931,184279
931,184332
931,401873
931,438238
933,33
933,715
933,720
933,721
933,743
933,768
933,804
933,924
933,927
933,935
933,938
933,939
933,945
933,968
933,44905
933,44922
933,44924
933,44928
933,184094
933,184142
933,184279
933,184332
933,401873
933,438238
936,33
936,715
936,720
936,721
936,743
936,768
936,804
936,924
936,927
936,931
936,932
936,935
936,945
936,967
936,968
936,44922
936,44924
936,44928
936,184094
936,184142
936,184279
936,184332
936,401873
936,438238
937,33
937,715
937,720
937,721
937,743
937,768
937,804
937,924
937,927
937,935
937,945
937,968
937,44922
937,44924
937,44928
937,106012
937,184094
937,184142
937,184279
937,184332
937,401873
937,438238
939,33
939,715
939,720
939,721
939,743
939,768
939,804
939,924
939,927
939,932
939,933
939,935
939,938
939,945
939,968
939,44904
939,44922
939,44924
939,44928
939,64407
939,184094
939,184142
939,184279
939,184332
939,401873
939,438238
44905,33
44905,715
44905,718
44905,720
44905,721
44905,743
44905,768
44905,804
44905,924
44905,927
44905,935
44905,945
44905,968
44905,44907
44905,44908
44905,44922
44905,44923
44905,44924
44905,44928
44905,184094
44905,184142
44905,184279
44905,184332
44905,401873
44905,404101
44905,438238
44905,446598
440222,440223
440222,440224
440222,440225
440222,440226
440222,440227
440222,440228
440222,440230
440222,440231
440222,440232
440222,440233
440222,440234
967,33
967,715
967,720
967,721
967,743
967,768
967,804
967,924
967,927
967,935
967,945
967,968
967,973
967,44922
967,44924
967,44928
967,184094
967,184142
967,184279
967,184332
967,401873
967,438238
64407,63906
64407,63915
64407,63940
64407,63966
64407,64231
64407,64378
64407,64384
64407,64392
64407,438238
64407,441137
64407,441139
949,33
949,715
949,720
949,721
949,743
949,768
949,804
949,924
949,927
949,932
949,935
949,943
949,945
949,948
949,968
949,44904
949,44922
949,44924
949,44928
949,184094
949,184142
949,184279
949,184332
949,401873
949,438238
942,33
942,715
942,720
942,721
942,743
942,768
942,804
942,924
942,927
942,935
942,945
942,949
942,968
942,44922
942,44924
942,44928
942,184094
942,184142
942,184279
942,184332
942,401873
942,438238
947,33
947,715
947,720
947,721
947,743
947,768
947,804
947,924
947,927
947,935
947,945
947,968
947,44922
947,44924
947,44928
947,106012
947,184094
947,184142
947,184279
947,184332
947,401873
947,438238
943,33
943,715
943,720
943,721
943,743
943,768
943,804
943,924
943,927
943,930
943,935
943,945
943,948
943,949
943,968
943,44922
943,44924
943,44928
943,184094
943,184142
943,184279
943,184332
943,401873
943,438238
941,33
941,715
941,720
941,721
941,743
941,768
941,804
941,924
941,927
941,935
941,945
941,968
941,44922
941,44924
941,44928
941,184094
941,184142
941,184279
941,184332
941,401873
941,438238
946,33
946,715
946,720
946,721
946,743
946,768
946,804
946,924
946,927
946,935
946,941
946,942
946,944
946,945
946,968
946,44922
946,44924
946,44928
946,184094
946,184142
946,184279
946,184332
946,401873
946,438238
950,33
950,715
950,720
950,721
950,743
950,768
950,804
950,924
950,927
950,935
950,945
950,957
950,967
950,968
950,973
950,41051
950,44904
950,44922
950,44924
950,44928
950,184094
950,184143
950,184279
950,184332
950,401873
950,438238
184143,184142
41051,33
41051,743
41051,768
41051,927
41051,12933
41051,12934
41051,12935
41051,12936
41051,15180
41051,19079
41051,19080
41051,19081
41051,19082
41051,23652
41051,23653
41051,23654
41051,23655
41051,24403
41051,25147
41051,184094
41051,184142
41051,184279
41051,184332
41051,401873
41051,438238
973,33
973,715
973,720
973,721
973,743
973,768
973,804
973,924
973,927
973,935
973,945
973,968
973,44904
973,44922
973,44924
973,44928
973,184094
973,184142
973,184279
973,184332
973,401873
973,438238
957,33
957,715
957,720
957,721
957,743
957,768
957,804
957,924
957,927
957,935
957,945
957,968
957,44922
957,44924
957,44928
957,184094
957,184142
957,184279
957,184332
957,401873
957,438238
969,33
969,715
969,720
969,721
969,743
969,768
969,804
969,924
969,927
969,935
969,945
969,957
969,962
969,967
969,968
969,41051
969,44904
969,44922
969,44924
969,44928
969,184094
969,184142
969,184279
969,184332
969,401873
969,438238
966,33
966,715
966,720
966,721
966,743
966,768
966,804
966,924
966,927
966,935
966,945
966,957
966,961
966,962
966,964
966,967
966,968
966,973
966,41051
966,44904
966,44922
966,44924
966,44928
966,184094
966,184142
966,184279
966,184332
966,401873
966,438238
972,33
972,715
972,720
972,721
972,743
972,768
972,804
972,924
972,927
972,935
972,945
972,957
972,967
972,968
972,973
972,41051
972,44904
972,44922
972,44924
972,44928
972,184094
972,184142
972,184279
972,184332
972,401873
972,438238
971,33
971,715
971,720
971,721
971,743
971,768
971,804
971,924
971,927
971,935
971,945
971,957
971,967
971,968
971,973
971,41051
971,44904
971,44922
971,44924
971,44928
971,184094
971,184142
971,184279
971,184332
971,401873
971,438238
970,33
970,715
970,720
970,721
970,743
970,768
970,804
970,924
970,927
970,935
970,945
970,957
970,967
970,968
970,973
970,41051
970,44904
970,44922
970,44924
970,44928
970,184094
970,184142
970,184279
970,184332
970,401873
970,438238
952,40
952,951
952,968
953,40
953,951
953,968
954,40
954,951
954,968
955,40
955,951
955,968
956,40
956,951
956,968
958,40
958,951
959,40
959,951
959,956
959,958
959,964
959,965
959,968
965,40
965,951
965,968
964,33
964,715
964,720
964,721
964,743
964,768
964,804
964,924
964,927
964,935
964,945
964,966
964,968
964,44922
964,44924
964,44928
964,184094
964,184142
964,184279
964,184332
964,401873
964,438238
960,40
960,951
960,968
961,33
961,715
961,720
961,721
961,743
961,768
961,804
961,924
961,927
961,935
961,945
961,966
961,968
961,44922
961,44924
961,44928
961,184094
961,184142
961,184279
961,184332
961,401873
961,438238
962,40
962,951
962,968
963,40
963,951
963,968
975,33
975,743
975,768
975,927
975,184094
975,184142
975,184279
975,184332
975,401873
975,438238
976,33
976,743
976,768
976,927
976,184094
976,184142
976,184279
976,184332
976,401873
976,438238
977,33
977,743
977,768
977,927
977,184094
977,184142
977,184279
977,184332
977,401873
977,438238
978,33
978,743
978,768
978,927
978,184094
978,184142
978,184279
978,184332
978,401873
978,438238
979,33
979,743
979,768
979,927
979,184094
979,184142
979,184279
979,184332
979,401873
979,438238
980,33
980,743
980,768
980,927
980,184094
980,184142
980,184279
980,184332
980,401873
980,438238
981,33
981,743
981,768
981,927
981,184094
981,184142
981,184279
981,184332
981,401873
981,438238
982,33
982,743
982,768
982,927
982,184094
982,184142
982,184279
982,184332
982,401873
982,438238
983,33
983,743
983,768
983,927
983,184094
983,184142
983,184279
983,184332
983,401873
983,438238
984,33
984,743
984,768
984,927
984,184094
984,184142
984,184279
984,184332
984,401873
984,438238
985,33
985,743
985,768
985,927
985,184094
985,184142
985,184279
985,184332
985,401873
985,438238
986,33
986,743
986,768
986,927
986,184094
986,184142
986,184279
986,184332
986,401873
986,438238
987,33
987,743
987,768
987,927
987,184094
987,184142
987,184279
987,184332
987,401873
987,438238
988,33
988,743
988,768
988,927
988,184094
988,184142
988,184279
988,184332
988,401873
988,438238
989,33
989,743
989,768
989,927
989,975
989,976
989,977
989,978
989,979
989,980
989,981
989,982
989,983
989,984
989,985
989,986
989,987
989,988
989,1003
989,1004
989,1019
989,1035
989,1115
989,1132
989,1148
989,1163
989,1164
989,1178
989,184094
989,184142
989,184279
989,184332
989,401873
989,438238
1178,33
1178,743
1178,768
1178,927
1178,989
1178,1003
1178,1004
1178,1019
1178,1035
1178,1115
1178,1132
1178,1148
1178,1163
1178,1164
1178,1165
1178,1166
1178,1167
1178,1168
1178,1169
1178,1170
1178,1171
1178,1172
1178,1173
1178,1174
1178,1175
1178,1176
1178,1177
1178,184094
1178,184142
1178,184279
1178,184332
1178,401873
1178,438238
1164,33
1164,743
1164,768
1164,927
1164,989
1164,1003
1164,1004
1164,1019
1164,1035
1164,1115
1164,1132
1164,1148
1164,1149
1164,1150
1164,1151
1164,1152
1164,1153
1164,1154
1164,1155
1164,1156
1164,1157
1164,1158
1164,1159
1164,1160
1164,1161
1164,1162
1164,1163
1164,1178
1164,184094
1164,184142
1164,184279
1164,184332
1164,401873
1164,438238
1163,33
1163,743
1163,768
1163,927
1163,989
1163,1003
1163,1004
1163,1019
1163,1035
1163,1115
1163,1132
1163,1148
1163,1149
1163,1150
1163,1151
1163,1152
1163,1153
1163,1154
1163,1155
1163,1156
1163,1157
1163,1158
1163,1159
1163,1160
1163,1161
1163,1162
1163,1164
1163,1178
1163,184094
1163,184142
1163,184279
1163,184332
1163,401873
1163,438238
1035,33
1035,743
1035,768
1035,927
1035,989
1035,1003
1035,1004
1035,1019
1035,1021
1035,1022
1035,1023
1035,1024
1035,1025
1035,1026
1035,1027
1035,1028
1035,1029
1035,1030
1035,1031
1035,1032
1035,1033
1035,1034
1035,1115
1035,1132
1035,1148
1035,1163
1035,1164
1035,1178
1035,184094
1035,184142
1035,184279
1035,184332
1035,401873
1035,438238
1004,33
1004,743
1004,768
1004,927
1004,989
1004,990
1004,991
1004,992
1004,993
1004,994
1004,995
1004,996
1004,997
1004,998
1004,999
1004,1000
1004,1001
1004,1002
1004,1003
1004,1019
1004,1035
1004,1115
1004,1132
1004,1148
1004,1163
1004,1164
1004,1178
1004,184094
1004,184142
1004,184279
1004,184332
1004,401873
1004,438238
1003,33
1003,743
1003,768
1003,927
1003,989
1003,990
1003,991
1003,992
1003,993
1003,994
1003,995
1003,996
1003,997
1003,998
1003,999
1003,1000
1003,1001
1003,1002
1003,1004
1003,1019
1003,1035
1003,1115
1003,1132
1003,1148
1003,1163
1003,1164
1003,1178
1003,184094
1003,184142
1003,184279
1003,184332
1003,401873
1003,438238
1019,33
1019,743
1019,768
1019,927
1019,989
1019,1003
1019,1004
1019,1005
1019,1006
1019,1007
1019,1008
1019,1009
1019,1010
1019,1011
1019,1012
1019,1013
1019,1014
1019,1015
1019,1016
1019,1017
1019,1018
1019,1020
1019,1035
1019,1115
1019,1132
1019,1148
1019,1163
1019,1164
1019,1178
1019,184094
1019,184142
1019,184279
1019,184332
1019,401873
1019,438238
1132,33
1132,743
1132,768
1132,927
1132,1093
1132,1094
1132,1095
1132,1096
1132,1097
1132,1098
1132,1100
1132,1117
1132,1118
1132,1119
1132,1120
1132,1121
1132,1122
1132,1123
1132,1124
1132,1125
1132,1126
1132,1127
1132,1128
1132,1129
1132,1130
1132,1131
1132,1133
1132,184094
1132,184142
1132,184279
1132,184332
1132,401873
1132,438238
1115,33
1115,743
1115,768
1115,927
1115,1093
1115,1094
1115,1095
1115,1096
1115,1097
1115,1098
1115,1100
1115,1101
1115,1102
1115,1103
1115,1104
1115,1105
1115,1106
1115,1107
1115,1108
1115,1109
1115,1110
1115,1111
1115,1112
1115,1113
1115,1114
1115,1117
1115,1118
1115,1133
1115,184094
1115,184142
1115,184279
1115,184332
1115,401873
1115,438238
1148,33
1148,743
1148,768
1148,927
1148,989
1148,1003
1148,1004
1148,1019
1148,1035
1148,1115
1148,1132
1148,1134
1148,1135
1148,1136
1148,1137
1148,1138
1148,1139
1148,1140
1148,1141
1148,1142
1148,1143
1148,1144
1148,1145
1148,1146
1148,1147
1148,1163
1148,1164
1148,1178
1148,184094
1148,184142
1148,184279
1148,184332
1148,401873
1148,438238
990,33
990,743
990,768
990,927
990,184094
990,184142
990,184279
990,184332
990,401873
990,438238
991,33
991,743
991,768
991,927
991,184094
991,184142
991,184279
991,184332
991,401873
991,438238
992,33
992,743
992,768
992,927
992,184094
992,184142
992,184279
992,184332
992,401873
992,438238
993,33
993,743
993,768
993,927
993,184094
993,184142
993,184279
993,184332
993,401873
993,438238
994,33
994,743
994,768
994,927
994,184094
994,184142
994,184279
994,184332
994,401873
994,438238
995,33
995,743
995,768
995,927
995,184094
995,184142
995,184279
995,184332
995,401873
995,438238
996,33
996,743
996,768
996,927
996,184094
996,184142
996,184279
996,184332
996,401873
996,438238
997,33
997,743
997,768
997,927
997,184094
997,184142
997,184279
997,184332
997,401873
997,438238
998,33
998,743
998,768
998,927
998,184094
998,184142
998,184279
998,184332
998,401873
998,438238
999,33
999,743
999,768
999,927
999,184094
999,184142
999,184279
999,184332
999,401873
999,438238
1000,33
1000,743
1000,768
1000,927
1000,184094
1000,184142
1000,184279
1000,184332
1000,401873
1000,438238
1001,33
1001,743
1001,768
1001,927
1001,184094
1001,184142
1001,184279
1001,184332
1001,401873
1001,438238
1002,33
1002,743
1002,768
1002,927
1002,184094
1002,184142
1002,184279
1002,184332
1002,401873
1002,438238
1005,33
1005,743
1005,768
1005,927
1005,184094
1005,184142
1005,184279
1005,184332
1005,401873
1005,438238
1006,33
1006,743
1006,768
1006,927
1006,184094
1006,184142
1006,184279
1006,184332
1006,401873
1006,438238
1007,33
1007,743
1007,768
1007,927
1007,184094
1007,184142
1007,184279
1007,184332
1007,401873
1007,438238
1008,33
1008,743
1008,768
1008,927
1008,184094
1008,184142
1008,184279
1008,184332
1008,401873
1008,438238
1009,33
1009,743
1009,768
1009,927
1009,184094
1009,184142
1009,184279
1009,184332
1009,401873
1009,438238
1010,33
1010,743
1010,768
1010,927
1010,184094
1010,184142
1010,184279
1010,184332
1010,401873
1010,438238
1011,33
1011,743
1011,768
1011,927
1011,184094
1011,184142
1011,184279
1011,184332
1011,401873
1011,438238
1012,33
1012,743
1012,768
1012,927
1012,184094
1012,184142
1012,184279
1012,184332
1012,401873
1012,438238
1013,33
1013,743
1013,768
1013,927
1013,184094
1013,184142
1013,184279
1013,184332
1013,401873
1013,438238
1014,33
1014,743
1014,768
1014,927
1014,184094
1014,184142
1014,184279
1014,184332
1014,401873
1014,438238
1015,33
1015,743
1015,768
1015,927
1015,184094
1015,184142
1015,184279
1015,184332
1015,401873
1015,438238
1016,33
1016,743
1016,768
1016,927
1016,184094
1016,184142
1016,184279
1016,184332
1016,401873
1016,438238
1017,33
1017,743
1017,768
1017,927
1017,184094
1017,184142
1017,184279
1017,184332
1017,401873
1017,438238
1018,33
1018,743
1018,768
1018,927
1018,184094
1018,184142
1018,184279
1018,184332
1018,401873
1018,438238
1020,33
1020,743
1020,768
1020,927
1020,989
1020,1003
1020,1004
1020,1005
1020,1006
1020,1007
1020,1008
1020,1009
1020,1010
1020,1011
1020,1012
1020,1013
1020,1014
1020,1015
1020,1016
1020,1017
1020,1018
1020,1019
1020,1035
1020,1115
1020,1132
1020,1148
1020,1163
1020,1164
1020,1178
1020,184094
1020,184142
1020,184279
1020,184332
1020,401873
1020,438238
1021,33
1021,743
1021,768
1021,927
1021,184094
1021,184142
1021,184279
1021,184332
1021,401873
1021,438238
1022,33
1022,743
1022,768
1022,927
1022,184094
1022,184142
1022,184279
1022,184332
1022,401873
1022,438238
1023,33
1023,743
1023,768
1023,927
1023,184094
1023,184142
1023,184279
1023,184332
1023,401873
1023,438238
1024,33
1024,743
1024,768
1024,927
1024,184094
1024,184142
1024,184279
1024,184332
1024,401873
1024,438238
1025,33
1025,743
1025,768
1025,927
1025,184094
1025,184142
1025,184279
1025,184332
1025,401873
1025,438238
1026,33
1026,743
1026,768
1026,927
1026,184094
1026,184142
1026,184279
1026,184332
1026,401873
1026,438238
1027,33
1027,743
1027,768
1027,927
1027,184094
1027,184142
1027,184279
1027,184332
1027,401873
1027,438238
1028,33
1028,743
1028,768
1028,927
1028,184094
1028,184142
1028,184279
1028,184332
1028,401873
1028,438238
1029,33
1029,743
1029,768
1029,927
1029,184094
1029,184142
1029,184279
1029,184332
1029,401873
1029,438238
1030,33
1030,743
1030,768
1030,927
1030,184094
1030,184142
1030,184279
1030,184332
1030,401873
1030,438238
1031,33
1031,743
1031,768
1031,927
1031,184094
1031,184142
1031,184279
1031,184332
1031,401873
1031,438238
1032,33
1032,743
1032,768
1032,927
1032,184094
1032,184142
1032,184279
1032,184332
1032,401873
1032,438238
1033,33
1033,743
1033,768
1033,927
1033,184094
1033,184142
1033,184279
1033,184332
1033,401873
1033,438238
1034,33
1034,743
1034,768
1034,927
1034,184094
1034,184142
1034,184279
1034,184332
1034,401873
1034,438238
1036,33
1036,743
1036,768
1036,927
1036,989
1036,1003
1036,1004
1036,1019
1036,1035
1036,1046
1036,1047
1036,1048
1036,1049
1036,1050
1036,1065
1036,1066
1036,1067
1036,1068
1036,1070
1036,1071
1036,1072
1036,1073
1036,1074
1036,1079
1036,1115
1036,1132
1036,1148
1036,1163
1036,1164
1036,1178
1036,184094
1036,184142
1036,184279
1036,184332
1036,401873
1036,438238
1073,33
1073,743
1073,768
1073,927
1073,1040
1073,1041
1073,1042
1073,1043
1073,1045
1073,1051
1073,1052
1073,1053
1073,1054
1073,1055
