105939,438238
105939,447574
105939,448241
105939,448245
105939,448249
105939,448252
105939,448253
105939,448274
105939,448263
105939,448273
129,130
129,160
129,161
131,130
131,132
131,161
132,133
132,161
132,131
134,135
134,161
134,133
141,161
141,140
141,142
144,145
144,161
144,143
147,146
147,64417
147,161
147,148
148,147
148,149
148,161
151,149
151,49739
151,152
151,161
156,161
156,155
156,157
158099,451126
158099,64417
158099,158114
158099,158117
158099,158118
158099,158102
158099,438238
158099,447574
158099,158107
158099,158749
158167,158742
158167,158141
158167,158124
158167,158110
158167,158118
158167,158117
158167,158099
158743,158117
158743,158099
158743,158746
158743,158745
158743,158744
158743,158118
158745,158118
158745,158743
158745,158117
158745,158099
159341,159391
159341,159410
159341,168678
159341,169579
159341,259939
159341,402104
159341,402105
159341,404360
159341,404407
159341,159388
159341,159387
159341,159351
159341,159340
159341,159331
159341,158750
159341,109839
159341,159403
163,164
163,198
163,403995
163,162
164,163
164,198
164,165
166060,166045
166060,166048
166060,166049
166060,166050
166060,166051
166060,166052
166060,166053
166060,166054
166060,166034
166060,166035
166060,166036
166060,166047
166060,166046
166060,159285
166060,166043
166060,166055
166060,158750
166060,166057
166060,166058
166060,166059
166060,168678
166060,169579
166060,166037
166060,166038
166060,166039
166060,166040
166060,166041
166060,166042
166060,166056
166060,166044
166687,165913
166687,165917
166687,165922
166687,165927
166687,169579
166687,158750
166687,168678
169,198
169,170
169,168
171,170
171,173
171,198
172,183
172,198
177,176
177,178
177,198
178,177
178,179
178,198
178,438238
182,184
182,181
182,198
183424,448426
184,198
184,182
184,185
184137,184142
184137,184330
184137,184139
184137,184138
184137,184094
184137,184324
184137,184276
184137,184150
184137,184146
184137,184338
185838,186755
186957,140808
186957,450700
186957,450710
186957,450768
186957,450769
186957,450792
186957,450794
186957,450820
186957,450884
186957,450898
186957,450698
186957,450675
186957,442897
186957,442904
186957,444343
186957,444364
186957,450502
186957,444383
186957,450496
186957,444568
186957,444563
186957,444426
186957,186965
186957,317637
186957,372332
186957,49841
186957,440433
186957,450903
186957,450905
186957,451018
186957,438238
186957,432798
186957,432306
186957,431834
186957,401873
186957,186963
186957,186959
186957,186958
186957,444368
186957,65316
187,188
187,186
187,185
187,49739
187,198
189,185
189,190
189,188
189,182
189,198
189604,447587
191,183
191,192
191,198
194,193
194,195
194,198
197,196
197,198
197,401873
197,162
202,233
202,223
202,205
203336,438238
203336,204124
203336,203676
203336,203618
203336,203346
203336,203341
205,202
205,201
205,233
208,211
208,221
208,230
208,233
210,228
210,211
210,233
213,233
213,216
213,227
215,233
215,224
215,209
221,233
221,208
221,209
222,203
222,232
222,233
224,209
224,221
224,233
224,212
224,215
228,210
228,226
228,233
228,205
231,223
231,200
231,220
231,233
232,233
232,222
232,199
234,261
234,257
242,270
242,257
244,451126
244,268
244,257
247,235
247,257
247,269
247,237
249,238
249,401957
249,257
250,239
250,257
253,247
253,257
256,249
256,257
259,257
259,236
261,257
261,265
262,253
262,257
267,257
267,248
267,405343
273,257
273,269
274,257
274,272
278,304
278,296
281,296
281,307
284,302
284,296
287,281
287,296
288,297
288,296
292,296
292,285
294,296
294,280
297,303
297,296
298,296
298,308
301,295
301,296
302,296
302,282
307,291
307,296
307,314
307,259939
307,287
311,296
311,309
312,294
312,296
312,403225
317,451126
317,330
317,344
317,184344
322,330
322,336
322,184344
325,330
325,350
325,184344
328,327
328,330
328,184344
330,318
330,345
330,346
330,347
330,348
330,349
330,350
330,927
330,319
330,40
330,315
330,316
330,320
330,326
330,327
330,328
330,329
330,321
330,322
330,323
330,324
330,344
330,332
330,317
330,336
330,337
330,338
330,325
330,339
330,340
330,341
330,333
330,334
330,343
330,331
330,335
330,342
333,326
333,330
333,184344
335,330
335,184344
335,341
340,319
340,330
340,184344
347,406470
347,331
347,184344
347,259939
347,401873
347,330
349,316
349,330
349,184344
353,365
353,404489
353,259939
353,184344
353,372
355,184344
355,403225
355,383
355,372
356,184344
356,377
356,372
359,184344
359,372
359,360
362,363
362,374
362,384
362,158099
362,184344
362,372
362,368
364,372
364,389
364,394
364,184344
364,406526
367,184344
367,368
367,372
367,398
369,372
369,353
369,184344
370,372
370,184344
370,355
373,372
373,380
373,184344
376,184344
376,374
376,372
379,184344
379,361
379,372
380,372
380,184344
380,370
385,390
385,158099
385,184344
385,372
385,377
386,359
386,372
386,184344
390,356
390,361
390,372
390,378
390,379
390,184344
395,388
395,372
395,184344
396,397
396,157346
396,184344
396,185838
396,372
396,393
401,372
401,184344
401,376
401941,401933
401941,401913
401941,401912
401941,406550
401941,401911
401941,401910
401941,401878
401941,401915
401941,401920
401941,401919
401941,401918
401941,401924
401941,401925
401941,401926
401941,404097
401941,401973
401941,401914
401941,401940
401941,401916
401941,401917
401941,401939
401941,401938
401941,401937
401941,401936
401941,401935
401941,401927
401941,401928
401941,401929
401941,401921
401941,401873
401941,401922
401941,401934
401941,401930
401941,401931
401941,401932
401941,401923
401948,406550
401948,401873
401948,401970
401965,401873
401965,406550
401965,437293
401970,40
401970,406490
401970,406470
401970,401944
401970,401961
401970,406422
401970,401969
401970,402107
401970,406458
401970,401908
401970,401873
401970,402901
401970,406516
401970,406452
401970,405181
401970,406499
401970,405796
401970,405669
401970,401909
401970,406453
401970,401941
401970,403507
401970,403603
401970,403887
401970,404790
401970,406518
401970,406550
401970,403995
401970,404379
401970,404382
401970,404456
401970,406455
401970,401942
401970,404784
401975,401983
401975,406550
401975,401984
401975,401981
401975,401978
401975,401873
401975,401976
401975,401980
402,424
402,426
402,40
402100,402109
402100,402144
402100,402148
402100,401873
402100,402150
402100,402146
402100,402147
402100,402131
402100,406550
402100,402143
402100,402142
402100,402107
402147,401873
402147,402142
402147,402150
402147,402109
402147,401964
402147,403884
402147,406550
402147,402110
402147,254912
402442,402518
402442,401873
402442,402443
402442,402467
402442,402468
402442,406550
402442,402507
402442,402547
402442,402546
402442,402503
402442,402466
402901,406550
402901,402906
402901,402904
402901,402894
402901,402893
402901,402891
402901,402110
402901,401873
402901,402903
403225,403464
403471,401873
403471,406550
403471,403876
403471,403475
403471,403474
403471,403473
403471,403472
403471,403448
403492,403507
403492,401873
403492,402659
403492,403450
403492,406550
403492,403467
403492,403476
403492,403466
403492,403456
403492,403452
403492,403453
403492,403494
403492,403454
403492,403505
403492,403493
403884,430351
403884,401873
403884,403879
403884,403880
403884,406550
403884,403887
403995,406550
403995,404006
403995,403939
403995,403937
403995,401873
403995,404007
404108,401873
404108,404158
404108,406550
404108,404116
404108,404156
404163,404178
404163,404237
404163,404259
404358,404361
404358,404359
404358,406550
404358,401873
404358,404362
405140,439539
405140,387817
405140,401935
405140,401873
405140,401896
405140,405142
405140,406499
405140,406550
405140,405141
405140,403448
405140,405115
405198,184296
405198,938
405198,401873
405198,406550
405227,405225
405227,405238
405227,405230
405227,405233
405227,405223
405227,405222
405227,401873
405227,430273
405227,403882
405227,405235
405227,406550
405227,405392
405227,405215
405227,403885
405227,405206
405227,405205
405227,403884
405227,405203
405227,403886
405227,403879
405227,403883
405227,405239
405733,405737
405733,405736
405733,405735
405733,405734
405733,109603
405733,405770
405733,405771
405733,405758
405733,405760
405733,405780
405733,405738
405733,405755
405733,405763
405733,405762
405733,405769
405733,405743
405733,405781
405733,405772
405733,405773
405733,405774
405733,405739
405733,405775
405733,405776
405733,405768
405733,405740
405733,405777
405733,405778
405733,405779
405733,405782
405733,405767
405733,405742
405733,405746
405733,405745
405733,405741
405733,405766
405733,405765
405733,405764
405733,405761
405733,405744
406526,406550
406526,109860
406526,401873
406557,406550
406557,406551
406557,406555
406557,401873
407,40
407,417
407,426
411,405343
411,405431
411,40
411,426
411,438
412,40
412,411
412,426
412,405667
417,40
417,414
417,426
420,40
420,426
420,435
423,40
423,403
423,426
425,40
425,415
425,426
432,40
432,426
432,431
435,426
435,40
435,425
438,40
438,408
438,426
438,406440
443,457
443,40
443,460
445,446
445,40
445,460
445,467
445559,445554
445559,445553
445559,445544
445559,445543
445559,445557
445559,445558
445559,445541
445559,445552
445559,445540
445559,445556
446,40
446,444
446,445
446,460
446172,446174
446172,444090
446172,444091
446172,444119
446172,444124
446172,445835
446172,446173
446172,441498
446608,446636
446608,446631
446608,446620
446608,446629
446608,446628
446608,446637
446608,446626
446608,446621
446608,446623
446608,438238
446608,446618
446608,446619
446608,446624
446608,447513
447002,447003
447002,447005
447002,447004
447002,451107
447002,448550
448127,442029
448127,450757
448127,448129
448127,448128
448193,318577
448193,448199
448193,448204
448193,448205
448193,448223
448193,448197
448193,448222
448193,448192
448193,49902
448193,448195
448551,446992
448551,448550
448551,448549
448551,446987
448551,448540
448551,448548
448671,448681
448671,448679
448671,448678
448671,448674
448671,442029
448671,448672
448671,448141
448671,448680
448671,448684
448671,448673
448830,448833
448830,447574
449,479
449,40
449,460
450,40
450,475
450,460
450,445
451129,451130
451129,451132
451129,448550
451129,451107
451129,451131
455980,447574
455980,438238
457,478
457,487
457,460
457,40
459,40
459,447
459,460
460,452
460,484
460,438238
460,401873
460,24
460,40
460,442
460,443
460,444
460,445
460,446
460,447
460,448
460,449
460,450
460,451
460,489
460,453
460,454
460,455
460,456
460,457
460,458
460,459
460,461
460,462
460,463
460,464
460,465
460,466
460,467
460,468
460,486
460,470
460,471
460,472
460,473
460,474
460,475
460,476
460,477
460,478
460,479
460,480
460,481
460,482
460,483
460,488
460,485
460,469
460,487
463,460
463,516
463,484
463,477
463,462
463,40
466,460
466,40
466,453
469,465
469,401964
469,40
469,460
472,482
472,40
472,460
474,462
474,464
474,484
474,448426
474,460
474,40
477,471
477,40
477,460
479,259939
479,460
479,40
479,469
480,40
480,460
480,466
485,460
485,484
485,158143
485,40
486,461
486,489
486,40
486,448
486,460
490,40
490,510
490,513
490,404489
495,445526
495,40
495,497
495,501
495,510
496,533
496,510
496,40
49739,460928
49740,460928
502,40
502,510
502,542
505,40
505,503
505,510
505,402899
505,402901
508,40
508,491
508,510
511,40
511,448183
511,522
511,510
511,493
516,40
516,448426
516,448349
516,540
516,510
518,40
518,510
518,512
518,158110
520,510
520,511
520,40
525,40
525,510
525,545
526,510
526,491
526,518
526,40
529,40
529,510
529,541
529,405796
533,40
533,401873
533,514
533,510
534,40
534,510
534,539
538,515
538,40
538,510
542,510
542,497
542,40
544,158143
544,40
544,510
544,514
544,525
547,567
547,40
547,564
547,565
549,565
549,40
549,575
551,577
551,40
551,565
554,40
554,565
554,574
557,565
557,40
557,560
563,40
563,565
563,559
565,588
565,571
565,572
565,573
565,574
565,567
565,566
565,564
565,563
565,562
565,570
565,561
565,569
565,575
565,576
565,577
565,578
565,579
565,580
565,589
565,590
565,591
565,581
565,582
565,583
565,559
565,585
565,586
565,587
565,401873
565,438238
565,24
565,40
565,547
565,548
565,549
565,550
565,551
565,552
565,553
565,554
565,555
565,556
565,557
565,558
565,584
565,560
565,568
566,565
566,555
566,40
568,556
568,40
568,565
570,40
570,565
570,589
577,40
577,565
577,584
581,438238
581,40
581,563
581,565
584,40
584,547
584,565
584,401873
587,448193
587,565
587,569
587,448184
587,40
588,587
588,40
588,565
591,565
591,40
591,564
596,40
596,613
596,625
602,40
602,613
602,643
604,40
604,613
604,401941
607,40
607,613
607,633
608,40
608,613
608,637
610,613
610,623
610,40
613,633
613,631
613,632
613,616
613,630
613,40
613,592
613,634
613,593
613,594
613,629
613,24
613,628
613,635
613,636
613,595
613,637
613,596
613,597
613,598
613,599
613,638
613,639
613,617
613,618
613,619
613,620
613,621
613,614
613,640
613,641
613,642
613,623
613,624
613,626
613,625
613,438238
613,401873
613,643
613,600
613,601
613,602
613,603
613,604
613,605
613,606
613,607
613,608
613,609
613,610
613,611
613,612
613,622
613,615
613,627
616,49902
616,638
616,613
616,40
616,448183
621,40
621,613
621,616
622,40
622,599
622,613
627,40
627,594
627,613
627,448426
628,40
628,609
628,613
633,438238
633,40
633,613
633,629
634,40
634,604
634,613
634,639
639,40
639,600
639,613
640,606
640,613
640,40
643,613
643,608
643,40
64453,442029
64453,448156
64453,438238
64453,64417
64453,64452
64453,64450
64453,446985
64453,64423
646,254912
646,693
646,40
646,647
652,401941
652,653
652,40
652,693
654,401873
654,656
654,693
654,40
657,40
657,658
657,401941
657,693
658,659
658,665
658,693
658,40
661,40
661,662
661,693
662,40
662,663
662,693
662,451126
664,40
664,665
664,693
664,802
671,40
671,672
671,693
671,49902
672,40
672,673
672,693
674,40
674,675
674,693
674,448349
674,448426
678,40
678,679
678,693
681,682
681,693
681,40
686,693
686,40
686,687
688,693
688,157346
688,40
688,689
691,40
691,693
691,692
694,189604
694,406557
694,438238
694,446908
694,448126
694,448136
694,448183
694,448207
694,448213
694,448230
694,448344
694,254912
694,401873
694,405804
694,405733
694,401941
694,403448
694,403467
694,404489
694,404495
694,405720
694,24
694,40
694,634
694,802
694,44924
694,49902
694,186957
694,405140
694,405431
707,710
707,711
707,404358
707,708
709,404108
709,403995
709,402442
709,705
709,710
709,401985
709,402909
709,714
709,401975
710,401971
710,705
710,714
710,713
710,712
710,709
710,708
710,707
710,706
710,711
731,768
731,733
731,732
734,789
734,788
734,787
734,768
734,741
734,927
734,742
737,768
737,736
737,738
744,741
744,745
744,927
744,746
744,445538
744,788
744,768
748,172984
748,172886
748,768
748,749
748,750
753,768
753,754
753,752
754,753
754,768
754,752
758,757
758,768
758,759
761,762
761,768
761,724
761,763
764,766
764,767
764,768
767,768
767,765
767,766
770,768
770,771
770,772
773,768
773,775
773,776
775,768
775,774
775,776
783,785
783,786
783,768
785,786
785,784
785,768
786,768
786,785
786,784
789,788
789,742
789,768
789,787
789,927
789,777
789,741
793,792
793,791
793,768
795,796
796,798
796,795
796,800
796,799
796,768
796,797
798,768
798,796
800,796
800,768
801,24
802,24
807,814
811,806
811,867
811,866
811,864
811,861
811,813
811,805
812,805
812,864
812,861
812,813
812,806
814,448162
814,861
814,864
814,866
814,867
814,819
814,817
814,806
814,816
814,815
814,813
814,805
814,807
860,861
974,33
974,715
974,720
974,721
974,743
974,768
974,804
974,924
974,927
974,935
974,945
974,952
974,953
974,954
974,955
974,956
974,957
974,958
974,959
974,960
974,961
974,962
974,963
974,964
974,965
974,968
974,44922
974,44924
974,44928
974,184094
974,184142
974,184279
974,184332
974,401873
974,438238
