466,40
466,453
466,460
484,40
484,460
484,462
484,474
474,40
474,460
474,462
474,464
474,484
474,448426
462,40
462,460
462,473
462,477
462,485
462,64428
64428,64417
64428,64423
64428,64424
64428,64425
64428,64426
64428,64427
64428,64429
64428,158143
64428,438238
64428,442029
64428,448156
64428,448349
64428,448401
516,40
516,510
516,540
516,448349
516,448426
401908,40
401908,401873
401908,401950
401908,401953
401908,401954
401908,401955
401908,401958
401908,401959
401908,401960
401908,401962
401908,401963
401908,401968
401908,402013
401908,402051
401908,402131
401908,402468
401908,402858
401908,403140
401908,403198
401908,403229
401908,403266
401908,403419
401908,403606
401908,403679
401908,403702
401908,403746
401908,403752
401908,403930
401908,404006
401908,404008
401908,404117
401908,404172
401908,404174
401908,404501
401908,404785
401908,404797
401908,404875
401908,405034
401908,405086
401908,405093
401908,405099
401908,405129
401908,405140
401908,405146
438238,49217
438238,105941
438238,140808
438238,184094
438238,401873
438238,430966
438238,431835
438238,434168
438238,438398
438238,439071
438238,440433
438238,440836
438238,442639
438238,442680
401908,405148
401908,405149
401908,405372
438238,444169
401908,405696
438238,444392
401908,406550
438238,444426
438238,444858
438238,444881
438238,445259
438238,450675
438238,450678
438238,450679
438238,450681
438238,450692
438238,450695
438238,450698
438238,450699
438238,450700
438238,450703
401964,401873
438238,450704
438238,450705
401964,401970
438238,450707
401964,406550
438238,450708
438238,450710
446172,441498
446172,444090
438238,450711
446172,444091
438238,450712
446172,444119
438238,450713
438238,450715
438238,450716
438238,450717
438238,450718
438238,450719
438238,450720
438238,450721
438238,450722
438238,450723
438238,450724
438238,450725
438238,450726
438238,450727
438238,450728
438238,450729
438238,450730
438238,450732
438238,450733
438238,450734
438238,450735
438238,450736
438238,450737
438238,450738
438238,450749
438238,450768
438238,450770
446172,444124
438238,450777
438238,450786
438238,450792
438238,450794
438238,450818
438238,450822
438238,450884
438238,450898
438238,450905
438238,450918
438238,450927
438238,451017
438238,451019
438238,451020
438238,451022
438238,451087
446172,445835
438238,457094
446172,446173
438238,457735
446172,446174
490,40
490,510
490,513
490,404489
510,24
510,40
510,490
510,491
510,492
510,493
510,494
510,495
510,496
510,497
510,498
510,499
510,500
510,501
510,502
510,503
510,504
510,505
510,506
510,507
510,508
510,509
510,511
510,512
510,513
510,514
510,515
510,516
510,517
510,518
510,519
510,520
510,521
510,522
510,523
510,524
510,525
2,7
2,9
510,526
2,11
510,527
2,14
510,528
2,15
510,529
2,17
510,530
2,254913
2,438238
510,531
8,2
510,532
8,5
510,533
8,7
510,534
8,9
510,535
8,11
8,17
510,536
510,537
8,23
8,104941
510,538
8,254913
510,539
8,317868
510,540
8,438238
510,541
8,445620
510,542
510,543
510,544
510,545
510,546
510,401873
510,438238
14,2
492,40
14,5
492,495
492,510
14,7
14,9
14,11
14,13
14,15
14,23
14,48900
14,254913
14,438238
4,7
4,23
520,40
520,510
520,511
494,40
494,510
494,526
526,40
526,491
526,510
48900,1
526,518
48900,438238
6,7
6,23
6,439057
445526,157346
445526,185933
445526,317663
12,7
12,23
16,1
16,3
16,7
16,22
16,64770
16,439118
16,440865
16,441028
16,441244
16,441385
16,447061
445526,372332
445526,401971
445526,445527
445526,445528
445526,445529
445526,447574
496,40
496,510
496,533
508,40
508,491
508,510
444366,444368
444366,444369
444366,444370
444366,444371
444366,444372
444366,444373
444366,444374
498,40
444366,444375
498,510
444366,444376
498,534
444366,444377
534,40
444366,444378
534,510
444366,444392
534,539
444366,444438
444366,444539
444366,444552
444366,444562
444366,444564
444366,444569
444366,444858
500,40
351762,351774
500,496
351762,351775
500,503
351762,351776
500,510
351762,351780
500,401941
351762,351781
351762,351782
500,401970
351762,351783
401970,40
351762,351784
401970,401873
401970,401908
351762,351786
401970,401909
351762,351787
401970,401941
351762,351788
351762,351789
401970,401942
351762,351790
401970,401944
351762,351791
401970,401961
401970,401969
351762,351792
401970,402107
351762,351793
401970,402901
351762,351795
10,7
401970,403507
10,23
401970,403603
401970,403887
445620,1
445620,352286
401970,403995
445620,352295
401970,404379
445620,352506
401970,404382
401970,404456
445620,438238
401970,404784
317868,317889
401970,404790
317868,317923
401970,405181
401970,405669
401970,405796
401970,406422
401970,406452
401970,406453
401970,406455
401970,406458
401970,406470
401970,406490
401970,406499
401970,406516
401970,406518
401970,406550
502,40
502,510
502,542
542,40
542,497
542,510
504,40
504,493
504,510
451020,431835
504,514
451020,438238
514,40
451020,450678
514,510
451020,450692
514,516
451020,450700
514,528
451020,450703
514,64428
451020,450704
451020,450705
451020,450707
451020,450708
451020,450710
451020,450711
451020,450712
451020,450713
451020,450715
451020,450716
451020,450717
451020,450718
451020,450719
451020,450720
451020,450721
506,40
451020,450722
506,510
451020,450723
506,538
451020,450724
538,40
451020,450725
538,510
451020,450726
538,515
451020,450727
451020,450728
451020,450729
451020,450730
451020,450732
451020,450733
451020,450734
451020,450735
451020,450736
451020,450737
451020,450738
451020,450768
536,40
451020,450770
536,510
451020,450786
451020,450794
536,546
451020,450905
451020,450918
451020,451017
451020,451019
451020,451087
22,441028
22,441395
20,1
20,7
546,40
20,16
546,504
20,351762
546,510
530,40
530,510
530,540
530,544
540,40
540,510
540,521
540,448349
540,448426
512,40
512,510
512,517
18,1
522,40
18,7
522,494
18,444366
522,510
528,40
528,506
528,510
528,446987
544,40
544,510
544,514
544,525
544,158143
524,40
524,510
524,543
518,40
518,510
518,512
518,158110
532,40
532,510
532,516
532,405804
158110,158099
158110,158107
158110,158111
158110,158112
158110,158113
158110,158117
405796,401873
405796,405203
405796,405205
405796,405206
405796,405215
405796,405222
405796,405223
405796,405225
405796,405230
405796,405233
405796,405235
405796,405238
405796,405239
405796,405786
405796,405787
405796,405788
405796,405789
405796,405790
405796,405791
405796,405792
405796,405793
405796,405794
405796,405795
405796,406550
405804,401873
405804,405203
405804,405205
405804,405206
405804,405215
405804,405222
405804,405223
64770,49874
405804,405225
405804,405230
64770,64772
405804,405233
64770,64833
64770,64834
405804,405235
64770,64835
405804,405238
64770,64836
405804,405239
64770,64837
64770,64838
405804,405334
64770,64840
405804,405801
64770,64841
405804,405802
64770,64842
405804,406550
64770,64847
64770,64872
64770,64878
441028,438238
441028,440988
441028,441007
441028,441010
441028,441011
441028,441033
441028,441034
441028,441040
441028,441093
441028,441226
441028,441381
441028,441438
439118,439069
441244,64387
441244,438238
441244,440988
441244,440992
441244,441041
441244,441105
441244,441136
441244,441226
441244,441246
441244,441253
441244,441254
441244,441258
441244,441260
441244,441262
441244,441277
441244,441282
441244,441315
441244,441318
441244,441319
441244,441321
441244,441324
441244,441326
441244,441329
441244,441332
441244,441334
441244,441336
441244,441339
441244,441340
564,40
441244,441342
564,565
441244,441343
564,578
441244,441344
548,40
441244,441346
441244,441347
548,565
441244,441367
548,576
441244,441380
576,40
441244,441428
576,565
441244,441438
576,570
576,446987
441244,441477
441244,444694
441244,447232
550,40
550,565
550,579
444438,444392
444438,444427
444438,444428
444438,444429
552,40
444438,444437
552,548
444438,444539
552,550
444438,444552
552,556
444438,444562
552,565
444438,444564
552,448233
444438,444569
556,40
65316,66244
556,558
65316,66876
65316,66909
556,565
65316,68946
556,448349
65316,68947
556,448426
65316,68948
65316,68949
65316,77284
65316,86024
65316,86112
65316,86113
65316,86114
65316,86115
65316,86116
65316,86117
65316,86118
65316,86121
65316,86125
65316,86126
566,40
65316,86127
566,555
65316,86128
566,565
49740,460928
65316,86129
65316,86132
554,40
554,565
65316,86133
554,574
65316,86134
574,40
65316,86237
574,565
574,590
65316,86238
65316,86239
65316,95018
65316,95527
65316,95551
582,40
65316,95552
582,549
65316,96045
582,565
65316,96069
558,40
65316,96070
558,553
65316,100130
558,556
65316,100646
558,565
65316,101163
445538,445539
445538,445540
560,40
445538,445541
560,548
445538,445543
560,565
445538,445544
445538,445552
445538,445557
445538,445558
445538,445559
445578,438238
445578,445579
445578,445580
445578,445581
445578,445582
445578,445583
445578,445584
445578,445585
445578,445586
445578,445587
445578,445591
445578,445592
448356,448174
448356,448350
448356,448351
448356,448352
448356,448353
448356,448354
448356,448355
448356,448537
572,40
572,565
572,571
562,40
562,552
562,565
562,569
578,40
578,554
578,565
590,40
590,551
590,565
450694,431835
590,401873
450694,438238
590,448537
450694,447515
450694,450678
580,40
450694,450692
580,561
450694,450700
580,565
450694,450703
580,405804
450694,450704
450694,450705
450694,450707
588,40
450694,450708
588,565
450694,450710
588,587
450694,450711
450694,450712
450694,450713
450694,450715
450694,450716
450694,450717
568,40
450694,450718
568,556
450694,450719
568,565
450694,450720
450694,450721
450694,450722
450694,450723
450694,450724
570,40
450694,450725
450694,450726
570,565
570,589
450694,450727
584,40
584,547
450694,450728
584,565
450694,450729
584,401873
450694,450730
450694,450732
450694,450733
450694,450734
450694,450735
450694,450736
450694,450737
450694,450738
586,40
450694,450768
586,565
450694,450770
586,567
450694,450786
586,583
450694,450794
450694,450905
450694,450918
448344,448139
448344,448291
450694,451017
448344,448345
450694,451019
448344,448346
450694,451020
448344,448347
450694,451087
448344,448348
444392,317637
448344,448349
444392,444343
444392,444393
444392,444401
444392,444415
444392,444438
444392,444562
444392,444563
444392,448291
444392,448327
444392,450678
444392,460928
592,40
592,613
592,614
614,40
614,613
614,622
24,30
24,32
24,33
24,34
24,36
24,39
24,715
24,720
24,721
24,743
24,768
24,804
24,924
24,927
24,935
24,945
24,968
24,44922
24,44924
24,44928
24,184094
24,184142
24,184279
24,184332
24,259835
24,401873
24,438238
24,446598
34,30
34,31
34,33
34,715
34,720
34,721
34,743
34,768
34,804
34,924
34,927
34,935
34,945
34,968
34,44922
34,44924
34,44928
34,184094
34,184142
596,40
34,184279
596,613
34,184332
596,625
34,184343
594,40
34,401873
594,613
34,404101
34,438238
594,615
34,446598
598,40
598,613
598,626
720,33
720,715
720,721
720,723
720,724
626,40
720,743
626,602
720,768
626,613
720,804
626,405796
720,924
720,927
720,935
720,945
720,968
720,44922
720,44924
720,44928
600,40
720,184094
600,613
720,184142
720,184279
600,634
720,184332
634,40
720,401873
634,604
720,438238
634,613
720,446598
634,639
720,446601
602,40
602,613
602,643
604,40
604,613
604,401941
606,40
606,613
606,639
608,40
608,613
184142,184094
608,637
184142,184109
184142,184137
184142,184144
184142,184147
184142,184148
184142,184149
184142,184150
184142,184167
184142,184187
184142,184197
184142,184199
610,40
184142,184251
610,613
184142,184252
610,623
184142,184261
184142,184276
184142,184324
184142,184330
184142,184338
184142,184340
184142,184341
184142,451606
612,40
184142,452571
612,595
612,613
184142,453513
184142,455966
446598,24
446598,446599
446598,446600
446598,446602
640,40
446598,446603
640,606
446598,446604
640,613
446598,446605
446598,446606
44928,33
44928,715
642,40
44928,720
642,613
44928,721
642,640
44928,743
636,40
44928,768
636,613
44928,804
636,630
44928,924
636,259939
44928,927
636,447004
44928,935
636,448351
44928,945
622,40
44928,968
622,599
44928,44922
622,613
44928,44924
44928,184094
44928,184142
44928,184279
44928,184332
44928,401873
44928,402100
624,40
44928,402854
624,43
44928,402885
44928,404163
624,613
624,618
44928,438238
624,448349
44928,446598
624,448426
44928,448873
768,94
632,40
768,734
632,612
632,613
768,742
632,254912
768,777
618,40
768,782
618,613
768,787
618,620
618,448349
768,789
768,927
618,448426
768,445526
768,455701
44924,33
628,40
44924,715
44924,720
628,609
628,613
44924,721
620,40
44924,723
620,613
44924,743
620,627
44924,768
620,448344
44924,804
44924,924
44924,927
44924,935
638,40
44924,945
44924,968
638,592
44924,44907
638,613
44924,44922
616,40
616,613
44924,44928
616,638
44924,184094
616,49902
44924,184142
616,448183
44924,184279
630,40
44924,184332
630,613
44924,401873
630,624
44924,438238
630,401896
630,401941
49902,448184
30,33
203336,203341
30,34
30,715
203336,203346
30,720
203336,203618
30,721
203336,203676
30,743
30,768
203336,204124
30,804
203336,438238
401896,49740
30,924
401896,259939
30,927
30,935
401896,401873
30,945
401896,401899
401896,401900
30,968
401896,401901
30,44922
401896,401902
30,44924
401896,401903
30,44928
401896,401904
30,184094
401896,401906
30,184138
401896,406550
30,184142
401896,450767
30,184279
254912,401873
30,184332
30,401873
254912,406550
30,438238
447004,158159
30,446598
447004,447002
447004,447980
447004,448359
447004,448401
447002,447003
447002,447004
447002,447005
447002,448550
447002,451107
644,40
644,655
644,693
644,402909
968,33
968,715
968,720
968,721
968,743
968,768
968,804
968,924
968,927
968,935
968,945
968,950
968,966
968,967
968,969
968,970
968,971
968,972
968,973
968,44922
968,44924
968,44928
968,184094
968,184142
968,184279
968,184332
968,401873
968,438238
924,33
924,715
924,720
924,721
924,743
924,768
924,804
924,925
924,926
924,927
924,935
924,945
924,968
924,44922
924,44924
924,44928
924,184094
924,184142
924,184279
924,184332
924,401873
924,438238
184332,58
184332,44904
184332,184094
184332,184121
184332,184136
184332,184137
184332,184150
184332,184276
184332,184296
184332,184298
184332,184305
184332,184314
184332,184324
184332,184330
184332,184331
184332,184338
646,40
44922,33
646,647
44922,715
646,693
44922,718
646,254912
44922,720
44922,721
44922,743
44922,768
648,40
44922,804
648,649
44922,924
648,693
44922,927
44922,935
44922,945
44922,968
650,40
44922,44907
650,651
44922,44908
650,693
44922,44923
44922,44924
44922,44928
44922,184094
652,40
44922,184142
652,653
44922,184279
652,693
44922,184332
652,401941
44922,401873
44922,404101
44922,438238
44922,446598
654,40
654,656
654,693
654,401873
656,40
656,657
656,693
666,40
666,677
666,693
658,40
658,659
658,665
658,693
660,40
660,661
660,679
660,693
184094,44904
184094,184100
184094,184103
184094,184104
184094,184106
184094,184112
184094,184122
184094,184124
184094,184137
662,40
184094,184138
662,663
184094,184140
662,693
184094,184142
662,451126
184094,184143
184094,184150
184094,184272
184094,184276
184094,184279
664,40
664,665
184094,184280
664,693
184094,184283
664,802
184094,184285
802,24
184094,184286
184094,184287
184094,184288
184094,184296
184094,184300
184094,184306
184094,184319
184094,184324
184094,184325
184094,184330
184094,184331
184094,184332
184094,184335
184094,184338
184094,442069
32,33
32,715
32,720
32,721
32,743
32,768
32,804
444574,444343
32,924
444574,444586
32,927
444574,444588
32,935
444574,444589
32,945
32,968
32,44922
668,40
32,44924
668,669
32,44928
668,693
32,184094
32,184142
668,44924
32,184279
32,184332
32,401873
32,438238
670,40
32,446598
670,671
670,693
670,49902
670,448183
670,448207
670,448213
448230,438238
448230,447574
448230,448183
448230,448197
448230,448213
448230,448224
448230,448225
448230,448226
448230,448227
448230,448228
448230,448229
672,40
672,673
672,693
36,33
36,34
674,40
36,37
674,675
36,38
674,693
36,715
674,448349
36,717
674,448426
36,720
36,721
36,725
36,743
36,768
676,40
676,678
36,782
676,693
36,804
676,446908
36,924
678,40
36,927
678,679
36,935
678,693
36,945
688,40
36,968
688,689
36,44922
688,693
36,44924
688,157346
36,44928
36,184094
36,184108
36,184142
36,184279
680,40
36,184332
680,681
36,401873
680,693
36,438238
36,446598
682,40
682,683
804,805
682,693
804,806
804,813
804,860
804,861
804,864
804,866
804,867
804,184345
804,406520
804,451088
684,40
684,685
684,693
684,64453
686,40
686,687
686,693
690,40
690,691
690,693
690,403448
403448,107687
403448,401873
403448,402615
403448,402659
403448,403450
403448,403451
403448,403467
403448,403492
403448,403493
403448,403495
403448,403505
403448,403507
403448,406550
692,40
692,645
692,693
694,24
694,40
694,634
694,802
694,44924
694,49902
694,186957
694,189604
694,254912
694,401873
694,401941
694,403448
694,403467
694,404489
26,30
694,404495
26,32
694,405140
26,33
694,405431
26,34
694,405720
694,405733
26,36
26,39
694,405804
26,715
694,406557
694,438238
26,720
694,446908
26,721
694,448126
26,743
694,448136
26,768
694,448183
26,804
694,448207
694,448213
26,924
694,448230
26,927
694,448344
26,935
448136,158159
26,945
448136,448349
26,968
448136,448426
26,44922
189604,447587
26,44924
405140,387817
26,44928
405140,401873
405140,401896
26,184094
405140,401935
26,184142
405140,403448
26,184279
405140,405115
26,184332
405140,405141
26,259835
405140,405142
26,401873
405140,406499
26,438238
405140,406550
405140,439539
26,446598
405720,60524
405720,401873
405720,405203
405720,405205
405720,405206
405720,405215
405720,405222
405720,405223
405720,405225
405720,405230
405720,405233
405720,405235
405720,405238
405720,405239
405720,405719
405720,405721
405720,406550
28,30
28,32
28,33
28,34
28,36
28,39
28,715
28,720
28,721
28,743
28,768
28,804
28,924
28,927
28,935
28,945
28,968
28,44922
28,44924
28,44928
28,184094
28,184142
28,184279
28,184332
28,259835
28,401873
28,438238
28,446598
448126,438238
448126,446982
448126,447574
448126,448130
448126,448142
448126,448145
448126,448147
448126,448183
448126,449055
450384,450385
184138,184094
184138,184109
184138,184137
184138,184142
184138,184150
184138,184276
184138,184324
184138,184330
184138,184338
184138,455966
64416,448183
403492,401873
403492,402659
403492,403450
403492,403452
403492,403453
403492,403454
403492,403456
403492,403466
403492,403467
403492,403476
403492,403493
403492,403494
403492,403505
403492,403507
403492,406550
403884,401873
403884,403879
403884,403880
403884,403887
403884,406550
403884,430351
460928,460929
460928,460933
460928,460945
460928,460946
460928,460947
460928,460948
460928,460949
460928,460950
460928,460952
460928,460960
460928,460961
460928,460971
460928,460973
460928,460974
446608,438238
446608,446618
446608,446619
446608,446620
446608,446621
446608,446623
446608,446624
446608,446626
446608,446628
446608,446629
446608,446631
446608,446636
446608,446637
446608,447513
38,29
38,33
38,35
448130,438238
38,715
448130,447574
38,720
448130,448126
38,721
448130,448131
38,743
448130,448133
38,768
448130,448134
38,804
448130,448145
38,924
169664,448349
38,927
183424,448426
38,935
38,945
38,968
38,44922
38,44924
38,44928
401898,401873
38,184094
401898,401878
38,184142
401898,406550
38,184279
401898,406557
38,184332
38,401873
38,438238
184108,184094
184108,184109
184108,184110
184108,184111
184108,184113
184108,184114
184108,184115
184108,184116
184108,184117
184108,184119
184108,184137
184108,184150
184108,184276
184108,184324
184108,184330
184108,184338
782,741
782,742
782,768
782,787
782,788
782,789
782,927
40,33
40,66
40,701
40,703
40,715
40,716
40,718
40,720
40,721
40,743
40,768
40,804
40,924
40,927
40,935
40,945
40,968
40,44922
40,44924
40,44928
40,184094
40,184142
40,184279
40,184332
40,401873
40,438238
40,446598
401878,401879
401878,401880
401878,401881
401878,401882
401878,401883
401878,401884
401878,401885
401878,401888
401878,401889
401878,401890
401878,401891
401878,401892
401878,401893
401878,401894
405156,109130
405156,401873
405156,405163
405156,406550
446982,438238
446982,446981
446982,446983
446982,447574
446982,448126
447990,170913
447990,438238
447990,447574
447990,447587
447990,449059
405380,401873
405380,405203
405380,405205
405380,405206
405380,405215
718,33
405380,405222
718,42
405380,405223
718,43
405380,405225
718,51
405380,405230
718,57
405380,405233
405380,405235
718,58
405380,405238
718,59
405380,405239
718,60
405380,405375
718,62
405380,405376
718,65
405380,405427
718,66
405380,405804
718,67
405380,406550
718,68
718,69
718,70
718,71
718,74
718,76
718,77
718,79
718,80
718,81
718,82
718,84
718,86
718,87
718,88
718,89
718,90
718,92
718,93
718,701
718,704
718,715
718,720
718,721
718,743
718,768
718,804
718,924
718,927
718,935
718,945
718,968
718,974
718,44922
718,44924
718,44928
718,184094
718,184142
718,184279
718,184332
718,401873
718,438238
716,33
716,715
716,720
716,721
716,743
716,768
716,804
716,924
405434,401873
716,927
405434,405203
716,935
405434,405205
716,945
405434,405206
716,968
405434,405215
716,44922
405434,405222
716,44924
405434,405223
716,44928
405434,405225
716,184094
405434,405230
716,184142
405434,405233
716,184279
405434,405235
716,184332
405434,405238
716,401873
405434,405239
716,438238
405434,405426
66,33
405434,406550
66,715
66,720
66,721
66,743
66,768
66,804
66,924
66,927
66,935
66,945
66,968
66,44922
66,44924
66,44928
66,184094
66,184142
66,184279
66,184332
66,401873
66,438238
406460,401873
406460,404359
406460,405089
406460,406475
406460,406550
169650,169644
84,24
84,40
84,66
84,448426
84,451092
42,24
42,40
42,64
42,66
42,70
42,74
42,82
42,84
42,702
42,44924
42,438238
70,24
70,40
70,66
70,951
702,40
64,24
64,40
64,66
64,70
64,71
64,44924
82,24
82,40
82,66
82,448349
82,451126
74,24
74,40
74,66
406422,401873
406422,401952
406422,401970
406422,401975
406422,402013
406422,402049
406422,402051
406422,402107
406422,402114
406422,402127
406422,402128
406422,402130
406422,402131
406422,402855
406422,402857
406422,402858
406422,402860
406422,402876
406422,402877
406422,402878
406422,402901
406422,403140
406422,403198
406422,403229
406422,403266
406422,403419
406422,403565
406422,403606
406422,403702
406422,403746
406422,403752
406422,403894
406422,403930
406422,403940
406422,404026
406422,404027
406422,404117
406422,404501
406422,404785
406422,404875
406422,405034
406422,405093
406422,405105
406422,405129
406422,405140
406422,405146
406422,405148
406422,405149
406422,405155
406422,405667
406422,405696
406476,401873
406422,406550
406476,406477
445556,445540
406476,406478
406476,406479
445556,445541
445556,445543
406476,406480
445556,445544
406476,406481
445556,445552
406476,406482
445556,445557
406476,406484
445556,445558
406476,406485
445556,445559
406476,406486
406476,406487
406476,406488
406476,406550
448830,447574
448830,448833
158928,158750
158928,158864
158928,158865
448426,448428
158928,158867
448426,448429
158928,158868
448426,448434
158928,158869
448426,448437
158928,158870
448426,448438
158928,158871
158928,158872
158928,158876
158928,158881
158928,158884
158928,158892
158928,158894
158928,158895
158928,158896
158928,158898
158928,158900
158928,158902
158928,158903
158928,158905
158928,158907
158928,158909
158928,158911
158928,158914
158928,158915
158928,158916
158928,158919
158928,158921
158928,158923
158928,158925
158928,158926
158928,158983
158928,162996
158928,168678
158928,169579
158928,401878
44,24
405198,938
44,40
405198,184296
44,45
405198,401873
44,46
405198,406550
44,47
724,94
44,48
724,734
724,742
44,49
724,777
44,51
724,782
44,52
724,787
44,53
724,789
44,54
724,927
44,55
724,445526
44,63
724,455701
44,401873
44,438238
52,24
52,40
52,44
52,45
52,46
52,47
52,48
52,49
52,51
52,53
52,54
52,55
52,106012
52,259939
52,401873
52,438238
52,440433
52,442531
52,444383
166060,158750
166060,159285
166060,166034
166060,166035
166060,166036
166060,166037
166060,166038
166060,166039
166060,166040
166060,166041
166060,166042
166060,166043
166060,166044
166060,166045
166060,166046
166060,166047
166060,166048
166060,166049
166060,166050
166060,166051
166060,166052
166060,166053
166060,166054
166060,166055
166060,166056
166060,166057
166060,166058
166060,166059
54,24
166060,168678
54,40
166060,169579
54,44
974,33
54,45
974,715
54,46
974,720
54,47
974,721
54,48
974,743
54,49
974,768
974,804
54,51
974,924
54,52
54,53
974,927
54,55
974,935
54,259939
974,945
54,401873
974,952
54,406457
974,953
54,438238
974,954
46,24
974,955
46,40
974,956
46,44
974,957
46,45
974,958
46,47
974,959
46,48
974,960
46,49
974,961
46,51
974,962
46,52
974,963
46,53
974,964
46,54
974,965
46,55
974,968
46,64495
974,44922
46,401873
974,44924
46,438238
974,44928
48,24
974,184094
48,40
974,184142
48,42
974,184279
48,44
974,184332
48,45
974,401873
48,46
974,438238
48,47
704,705
48,49
704,706
48,51
48,52
704,707
48,53
704,708
704,709
48,54
704,711
48,55
704,712
48,61
704,713
48,64
704,714
48,84
704,401971
48,401873
712,706
48,438238
712,710
48,451089
706,24
706,708
706,710
706,712
706,184094
706,403448
708,706
708,707
708,710
708,157027
708,437153
714,709
714,710
448824,448833
714,711
448156,438238
714,402100
448156,447574
714,402854
448156,448126
714,402885
448156,448146
714,404011
448156,448349
448156,448426
714,404163
448156,448537
714,405200
406470,723
406470,768
710,705
406470,44924
406470,401873
710,706
710,707
406470,401896
710,708
406470,405343
710,709
406470,406413
710,711
406470,406443
710,712
406470,406454
710,713
406470,406458
710,714
406470,406499
710,401971
406470,406550
404358,401873
404358,404359
404358,404361
404358,404362
404358,406550
64494,57
64494,64469
64494,448162
448162,438238
448162,442087
448162,442088
448162,447574
448162,448158
448162,448161
448162,448164
448162,448165
448162,448166
448162,448167
448162,448168
448162,448169
448162,448170
448162,448171
448162,448172
448162,448173
448162,448175
448162,448176
448162,448277
50,24
50,40
50,44
402442,401873
50,45
402442,402443
50,47
402442,402466
50,48
402442,402467
50,49
402442,402468
50,51
402442,402503
50,52
402442,402507
50,53
402442,402518
50,54
402442,402546
50,55
402442,402547
50,64495
402442,406550
50,401873
404108,401873
50,438238
404108,404116
106012,106013
404108,404156
106012,106015
404108,404158
404108,406550
106012,106017
106012,106018
106012,106019
106012,106023
106012,106039
106012,106041
106012,106042
106012,106063
106012,401873
404100,24
404100,401873
404100,404101
404100,404103
404100,406550
402854,107257
402854,401873
402854,401941
402854,401969
402854,402856
402854,402858
402854,402859
402854,402861
402854,402871
402854,402879
402854,402881
402854,402882
402854,402883
402854,404379
402854,404784
402854,405796
402854,406550
451092,438238
451092,447575
451092,449388
451092,451100
451092,451101
451092,451104
451092,451134
402100,401873
451092,451135
402100,402107
451092,451136
402100,402109
451092,451137
402100,402131
451092,451138
402100,402142
451092,451139
402100,402143
451092,451140
402100,402144
451092,451141
402100,402146
451092,451142
402100,402147
451092,451143
402100,402148
451092,451144
402100,402150
451092,451145
402100,406550
451092,451146
405200,401873
451092,451147
405200,405231
451092,451148
405200,405235
405200,405236
451092,451149
451092,451150
405200,405237
405200,406550
451092,451151
451092,451152
451092,451153
56,24
56,33
56,66
56,715
56,718
56,720
56,721
56,743
56,768
56,804
56,924
56,927
56,935
734,741
56,945
734,742
734,768
56,968
734,787
56,44922
734,788
56,44924
734,789
56,44925
734,927
56,44928
742,726
56,184094
742,730
742,735
56,184142
56,184279
742,741
56,184332
742,743
56,401873
742,744
56,438238
742,747
742,751
742,756
742,760
742,761
742,764
742,768
86,40
742,769
86,451128
742,773
451126,448537
742,777
58,33
742,778
58,715
58,720
742,783
742,784
58,721
742,787
58,743
742,788
58,768
742,789
58,804
742,790
58,924
58,927
742,927
58,930
58,935
58,940
58,945
58,968
58,44922
58,44924
58,44928
58,64430
58,184094
58,184142
58,184279
58,184330
58,184332
58,401873
58,417458
58,438238
64430,64423
64430,64431
64430,64432
64430,64445
64430,64494
64430,451128
940,33
788,768
940,715
788,927
940,720
726,728
940,721
726,729
726,768
940,743
940,768
940,804
940,924
728,727
940,927
728,729
940,932
728,768
940,935
940,941
940,942
730,732
940,943
730,733
940,944
730,768
940,945
940,946
940,947
732,731
940,948
732,733
732,768
940,949
940,968
940,44904
940,44922
940,44924
940,44928
738,736
940,184094
738,737
738,768
940,184142
940,184279
940,184332
940,401873
736,737
736,738
940,438238
736,768
940,446598
930,33
930,715
930,720
740,40
930,721
740,768
930,743
740,787
930,768
740,878
930,804
740,927
740,44924
930,912
740,448183
930,914
878,803
930,916
878,868
930,918
878,869
930,919
878,870
930,924
878,872
930,927
878,873
878,875
930,931
930,932
878,877
930,933
878,889
930,934
878,910
930,935
764,766
764,767
930,936
764,768
930,937
930,938
930,939
930,945
784,768
930,968
784,785
930,44922
784,786
930,44924
930,44928
930,184094
930,184142
930,184279
930,184332
744,741
930,401873
744,745
930,404101
744,746
930,438238
744,768
930,446598
744,788
184330,58
744,927
184330,44904
744,445538
184330,184094
760,724
184330,184121
760,762
184330,184136
760,763
184330,184137
760,768
184330,184150
184330,184276
184330,184296
184330,184298
184330,184305
184330,184314
184330,184324
184330,184331
184330,184338
790,768
417458,254913
790,792
417458,417459
790,793
417458,417460
417458,417461
417458,417462
417458,417463
756,758
417458,417464
756,759
417458,438238
756,768
778,768
778,780
778,781
746,744
746,745
746,768
746,795
172886,174434
172886,174441
172886,174452
172886,174458
172886,174634
172886,174839
172886,175287
172886,175534
172886,175542
172886,438238
938,33
750,748
938,715
750,749
938,720
750,768
938,721
938,743
938,768
172984,172886
938,804
172984,172987
938,919
172984,172988
172984,172989
938,924
938,927
172984,172993
172984,173025
938,935
172984,173026
938,939
172984,173028
938,945
172984,173029
938,968
172984,173042
938,44922
938,44924
938,44928
172984,173045
938,64407
172984,173067
938,184094
172984,174839
938,184142
172984,175209
938,184279
172984,175282
938,184332
172984,175287
938,401873
172984,438238
938,438238
172984,443730
60,33
172984,444392
60,703
172984,451019
60,715
748,749
60,720
748,750
60,721
748,768
60,743
748,172886
60,768
748,172984
60,804
60,924
60,927
754,752
60,935
60,938
754,753
754,768
60,945
752,753
60,968
752,754
60,44922
752,768
60,44924
60,44928
60,184094
60,184142
60,184279
60,184332
60,401873
60,438238
60,451126
758,757
62,24
758,759
62,40
758,768
62,85
62,938
62,948
62,401873
62,448350
62,448395
62,448396
762,761
62,448398
762,763
62,448400
762,768
62,448436
62,448437
62,448440
62,448442
62,448444
62,448445
62,448446
62,448447
766,765
62,448449
62,448537
766,767
448442,448428
766,768
448442,448429
448442,448434
448442,448437
772,768
772,770
772,771
448446,448428
770,768
448446,448429
770,771
448446,448434
770,772
448446,448437
448440,184094
448440,448428
448440,448429
776,768
448440,448434
776,774
448440,448437
776,775
448396,448398
774,768
948,33
774,775
948,715
948,720
774,776
948,721
780,768
948,743
780,779
948,768
780,781
948,804
948,923
948,924
948,927
948,935
948,945
948,949
786,768
948,968
786,784
948,44922
786,785
948,44924
948,44928
948,64407
948,184094
792,768
948,184142
792,791
948,184279
792,793
948,184332
948,401873
948,438238
448436,448428
448436,448429
448436,448434
794,768
448436,448437
794,796
448444,184094
796,768
448444,448428
796,795
448444,448429
796,797
448444,448434
796,798
448444,448437
796,799
796,800
798,768
798,796
800,768
800,796
860,861
866,805
866,806
866,813
866,861
866,864
866,867
864,805
864,806
864,813
864,861
864,862
864,863
864,865
864,866
864,867
448398,184343
864,64417
448398,448344
864,184344
448398,448349
864,401873
448350,448353
864,447574
864,447575
448350,448354
864,448156
448350,448355
864,448162
448350,448395
864,448193
448350,448396
451088,49217
448350,448397
451088,105941
448350,448398
451088,140808
448350,448399
451088,184094
448350,448400
451088,401873
451088,430966
451088,431835
451088,434168
451088,438398
451088,439071
448400,448344
451088,440433
448400,448349
451088,440836
451088,442639
451088,442680
451088,444169
451088,444392
451088,444426
451088,444858
451088,444881
451088,445259
451088,450675
451088,450678
451088,450679
451088,450681
451088,450692
451088,450695
451088,450698
451088,450699
451088,450700
451088,450703
451088,450704
451088,450705
451088,450707
451088,450708
451088,450710
451088,450711
451088,450712
451088,450713
451088,450715
451088,450716
451088,450717
451088,450718
451088,450719
451088,450720
68,24
68,40
451088,450721
68,66
451088,450722
68,83
451088,450723
68,84
451088,450724
68,64425
451088,450725
68,451095
451088,450726
451088,450727
451088,450728
451088,450729
451088,450730
451088,450732
451088,450733
451088,450734
451088,450735
451088,450736
451088,450737
451088,450738
451088,450749
451088,450768
451088,450770
451088,450777
451088,450786
451088,450792
451088,450794
451088,450818
451088,450822
451088,450884
451088,450898
451088,450905
451088,450918
451088,450927
451088,451017
451088,451019
451088,451020
451088,451022
451088,451087
451088,457094
451088,457735
406520,40
406520,951
406520,184094
406520,401876
406520,401896
406520,401909
406520,401941
406520,401970
406520,401971
406520,402082
406520,403841
406520,404424
406520,406408
406520,406412
406520,406413
406520,406498
406520,406519
72,24
406520,406526
72,40
406520,406528
72,66
406520,406548
406520,406550
406520,438238
806,805
806,813
806,861
806,864
806,866
806,867
722,33
722,715
722,720
722,721
722,743
722,768
722,804
722,924
722,927
722,935
722,945
722,968
722,44922
722,44924
722,44928
722,184094
722,184142
722,184279
722,184332
722,401873
722,438238
76,24
76,33
76,703
76,715
76,720
76,721
76,723
76,743
76,768
76,804
76,924
76,927
76,935
76,945
76,968
76,44922
76,44924
76,44928
814,805
76,184094
76,184142
814,806
76,184279
814,807
76,184332
814,813
76,401873
814,815
76,438238
814,816
76,448184
814,817
448184,448191
814,819
814,861
814,864
814,866
814,867
814,448162
808,805
808,806
808,813
808,861
808,864
808,866
808,867
808,448551
810,805
810,806
810,813
810,861
810,864
810,866
810,867
812,805
812,806
812,813
812,861
78,24
812,864
78,40
812,866
78,66
812,867
820,805
820,806
78,71
78,718
820,813
820,861
78,44923
820,864
78,44924
820,866
78,44925
820,867
816,814
822,861
822,867
822,450694
824,819
824,861
826,861
828,861
830,861
832,861
834,861
852,835
852,861
836,861
80,24
80,40
838,861
80,66
80,401873
840,861
80,438238
842,861
80,451107
844,861
846,861
848,861
451128,448550
850,861
854,861
856,861
446908,446909
858,861
446908,446910
88,24
88,40
447980,477
447980,158143
88,66
447980,158743
88,448537
447980,447002
447980,447587
447980,447981
447980,447983
447980,447984
90,24
447980,447985
90,40
447980,448000
90,66
447980,448327
90,91
447980,448359
90,448537
447980,448401
447980,448409
447980,448417
447980,448419
447980,448535
447980,448537
92,24
862,805
92,40
862,806
92,66
862,813
92,446908
862,861
92,448537
862,864
862,866
862,867
447574,438238
447574,448183
447574,448232
447574,448238
447574,448333
447574,448450
447574,448452
447574,448553
447574,448554
447574,450749
447574,450759
448274,438238
448274,442069
448274,442222
448274,442223
448274,448291
448274,448293
448274,448327
448274,448329
448274,448673
448274,450749
94,33
94,695
94,696
868,24
94,697
94,698
870,24
94,699
872,24
94,700
94,715
876,875
94,720
910,803
94,721
910,868
910,869
94,743
910,870
94,768
910,872
94,804
910,873
910,877
94,924
910,878
94,927
910,892
94,935
910,898
94,945
910,903
94,968
910,909
94,44922
94,44924
94,44928
94,184094
94,184142
880,881
94,184279
882,879
94,184332
882,883
94,401873
882,884
94,438238
882,885
696,24
696,40
882,886
696,719
884,887
696,723
696,768
696,801
890,877
696,935
890,891
696,945
890,892
696,44924
890,893
696,49902
890,894
696,64416
890,895
696,64417
696,169664
696,183423
696,183424
696,204899
894,877
696,254912
894,890
696,259835
894,891
696,401873
894,892
696,401878
894,893
696,401898
894,895
892,877
696,401941
892,890
696,401969
892,891
696,402147
696,402901
892,893
892,894
696,403448
892,895
696,403559
696,405156
696,406557
696,438238
696,438704
696,444353
696,446598
696,446982
696,448126
696,448130
696,448147
696,448231
696,448873
696,460928
700,33
700,128
700,161
700,198
896,454315
700,233
896,454577
700,257
700,296
700,330
898,896
700,372
898,897
700,426
898,910
700,460
900,901
700,565
700,613
902,877
700,693
902,899
700,694
902,900
700,701
902,904
700,715
902,905
700,720
902,906
902,907
700,721
700,743
700,768
700,804
700,924
908,454315
700,927
908,454577
700,935
700,945
700,968
700,44922
700,44924
700,44928
934,33
700,184094
934,715
700,184142
934,718
700,184279
934,720
700,184332
934,721
700,401873
934,743
700,438238
934,768
934,804
934,911
934,913
934,915
934,917
934,919
934,924
934,927
934,935
934,938
934,945
934,968
934,44922
934,44924
934,44928
934,64417
934,184094
934,184142
934,184279
934,184332
934,401873
934,417458
934,438238
934,440222
934,447587
934,448349
934,448426
934,448537
912,927
912,934
912,935
912,401873
912,438238
914,927
914,934
914,935
914,401873
914,438238
698,24
698,40
916,927
698,719
916,934
698,768
916,935
698,44924
698,49902
916,401873
916,438238
698,64416
698,105939
916,448349
698,158167
916,448359
698,169650
916,448426
698,318577
698,401873
698,401909
698,401941
698,402107
698,403448
918,927
698,403493
918,934
698,403507
918,935
698,404013
918,401873
698,404379
918,438238
698,405156
698,405227
698,405434
698,406422
698,406460
698,406555
698,438238
698,446908
698,448183
920,927
698,448274
920,944
698,449625
698,460928
920,945
920,401873
920,438238
944,33
944,715
944,718
944,720
944,721
944,743
944,768
944,804
944,920
944,921
944,922
944,923
944,924
944,927
944,935
944,945
944,948
944,968
944,44922
944,44924
944,44928
944,64417
944,184094
944,184142
944,184279
944,184332
944,401873
944,417458
944,438238
944,440222
944,447587
944,448349
96,98
944,448426
96,126
944,448537
98,96
944,460928
98,100
126,96
126,125
100,98
922,927
100,101
922,944
102,99
922,945
102,104
922,401873
922,438238
104,102
104,106
106,104
926,33
106,108
926,715
926,720
926,721
108,106
926,743
108,111
926,768
926,804
926,924
110,113
926,927
926,935
926,945
112,111
926,968
112,114
114,112
114,117
926,44922
926,44924
926,44928
926,184094
116,115
926,184142
116,118
926,184279
118,116
926,184332
118,120
926,401873
926,438238
120,118
120,123
122,121
122,125
124,123
124,127
128,95
128,96
128,97
128,98
128,99
128,100
128,101
128,102
128,103
128,104
128,105
128,106
44904,33
128,107
44904,715
128,108
44904,720
128,109
44904,721
128,110
44904,743
128,111
44904,768
128,112
44904,804
128,113
44904,924
128,114
44904,927
128,115
44904,935
128,116
44904,937
128,117
128,118
44904,945
128,119
44904,947
128,120
44904,968
128,121
44904,44922
128,122
44904,44924
44904,44928
128,123
128,124
44904,184094
44904,184142
128,125
44904,184279
128,126
128,127
44904,184332
44904,401873
44904,438238
928,33
928,715
928,720
928,721
928,743
928,768
928,804
928,924
928,927
928,935
928,945
928,968
928,44922
928,44924
928,44928
928,184094
928,184142
928,184279
928,184332
928,401873
928,438238
160,129
160,137
160,159
160,161
130,129
130,131
130,161
932,33
932,715
932,720
132,131
132,133
932,721
932,743
132,161
932,768
932,804
932,924
932,927
932,928
134,133
932,929
134,135
932,935
134,161
932,939
140,138
932,945
140,141
932,968
140,161
932,44922
932,44924
932,44928
932,184094
932,184142
932,184279
136,135
932,184332
136,137
932,401873
136,150
932,438238
136,161
150,136
150,139
150,154
150,161
138,137
138,140
138,161
154,150
154,155
154,161
142,141
142,143
142,161
144,143
144,145
144,161
146,145
146,147
146,161
146,455980
455980,438238
936,33
455980,447574
936,715
936,720
936,721
936,743
936,768
148,147
148,149
936,804
148,161
936,924
936,927
936,931
936,932
936,935
936,945
936,967
936,968
936,44922
152,151
936,44924
152,153
936,44928
152,161
936,184094
152,401873
936,184142
936,184279
936,184332
156,155
936,401873
156,157
936,438238
156,161
158,157
158,159
158,161
162,163
162,197
162,198
198,40
198,162
198,163
198,164
198,165
198,166
198,167
198,168
198,169
198,170
198,171
198,172
198,173
198,174
198,175
198,176
198,177
198,178
198,179
198,180
198,181
198,182
198,183
198,184
198,185
198,186
198,187
198,188
198,189
198,190
198,191
198,192
198,193
198,194
198,195
198,196
198,197
198,927
164,163
164,165
164,198
166,165
166,167
166,195
166,198
440222,440223
440222,440224
440222,440225
440222,440226
440222,440227
440222,440228
440222,440230
440222,440231
440222,440232
168,167
440222,440233
168,169
440222,440234
168,198
170,169
170,171
170,198
172,183
172,198
174,173
174,175
174,198
182,181
182,184
182,198
176,175
176,177
176,198
178,177
178,179
178,198
178,438238
180,179
180,181
180,198
184,182
184,185
184,198
186,185
186,187
186,198
942,33
942,715
942,720
942,721
942,743
942,768
188,187
942,804
188,189
188,198
942,924
942,927
942,935
942,945
942,949
942,968
190,189
942,44922
190,198
942,44924
942,44928
192,184
942,184094
192,191
942,184142
192,193
942,184279
192,198
942,184332
942,401873
942,438238
194,193
194,195
194,198
196,195
196,197
196,198
196,401873
196,527656
527656,553303
527656,553309
527656,590094
527656,601656
527656,601853
527656,652201
527656,652202
527656,652204
527656,652205
527656,652206
527656,652408
527656,652682
527656,652684
527656,652686
527656,652687
527656,652925
527656,653055
527656,653061
527656,653062
527656,653103
527656,653109
527656,653159
527656,653210
527656,653854
527656,653893
527656,653898
527656,653959
527656,653960
527656,653962
527656,653963
527656,653977
527656,654076
527656,654116
527656,654120
200,225
200,231
200,233
204,199
204,212
204,227
204,233
232,199
232,222
232,233
946,33
946,715
946,720
946,721
946,743
946,768
946,804
946,924
946,927
946,935
946,941
946,942
946,944
946,945
946,968
946,44922
946,44924
946,44928
946,184094
946,184142
946,184279
946,184332
946,401873
946,438238
950,33
950,715
950,720
950,721
950,743
950,768
950,804
950,924
950,927
950,935
950,945
226,201
950,957
226,228
950,967
226,233
950,968
226,401941
950,973
202,205
950,41051
202,223
950,44904
202,233
950,44922
950,44924
950,44928
950,184094
950,184143
950,184279
950,184332
222,203
222,232
950,401873
950,438238
222,233
212,204
212,224
212,233
206,204
206,218
206,229
206,233
218,206
218,214
218,217
218,219
218,233
230,207
230,208
230,233
208,211
208,221
208,230
208,233
224,209
224,212
224,215
224,221
224,233
210,211
210,228
210,233
228,205
228,210
228,226
228,233
216,211
216,213
216,233
214,217
214,219
214,233
220,210
220,229
220,233
966,33
966,715
966,720
966,721
966,743
966,768
966,804
966,924
966,927
966,935
966,945
966,957
966,961
966,962
966,964
966,967
966,968
234,257
966,973
234,261
966,41051
966,44904
966,44922
966,44924
966,44928
966,184094
966,184142
966,184279
966,184332
966,401873
966,438238
972,33
972,715
972,720
972,721
972,743
972,768
972,804
972,924
972,927
972,935
972,945
972,957
972,967
972,968
972,973
972,41051
972,44904
972,44922
972,44924
972,44928
972,184094
972,184142
972,184279
972,184332
972,401873
972,438238
244,257
244,268
244,451126
236,237
236,257
276,237
276,252
276,257
262,253
262,257
238,251
238,257
970,33
238,401941
970,715
970,720
970,721
970,743
970,768
970,804
264,243
970,924
264,257
970,927
264,49739
970,935
240,241
970,945
240,257
970,957
970,967
970,968
970,973
970,41051
970,44904
268,240
970,44922
268,257
970,44924
268,451126
970,44928
970,184094
970,184142
242,257
970,184279
242,270
970,184332
270,257
970,401873
270,266
970,438238
952,40
952,951
260,257
952,968
260,275
246,257
246,273
954,40
954,951
954,968
956,40
956,951
248,246
956,968
248,257
958,40
248,438238
958,951
250,239
250,257
964,33
252,257
964,715
252,258
964,720
258,250
964,721
258,257
964,743
964,768
964,804
254,242
254,257
964,924
964,927
256,249
964,935
256,257
964,945
964,966
964,968
964,44922
266,257
266,271
964,44924
964,44928
266,184094
964,184094
964,184142
964,184279
964,184332
964,401873
964,438238
960,40
960,951
274,257
960,968
274,272
272,257
272,263
298,296
298,308
296,24
962,40
296,40
962,951
296,277
962,968
296,278
296,279
296,280
296,281
296,282
296,283
296,284
296,285
296,286
296,287
296,288
296,289
296,290
296,291
976,33
296,292
976,743
296,293
976,768
296,294
976,927
296,295
976,184094
296,297
976,184142
296,298
976,184279
296,299
976,184332
296,300
976,401873
296,301
976,438238
296,302
296,303
296,304
296,305
296,306
296,307
296,308
296,309
296,310
296,311
296,312
978,33
296,313
978,743
296,314
978,768
278,296
978,927
278,304
978,184094
304,291
978,184142
304,296
978,184279
304,401873
978,184332
304,401965
978,401873
978,438238
280,296
280,313
282,283
980,33
282,289
980,743
282,296
980,768
980,927
980,184094
980,184142
980,184279
980,184332
980,401873
980,438238
284,296
284,302
302,282
302,296
286,296
286,306
286,401904
401904,259939
401904,401873
401904,401878
401904,401899
401904,401900
982,33
401904,401901
982,743
401904,401902
401904,401903
982,768
401904,401906
982,927
982,184094
401904,401951
401904,401956
982,184142
401904,401964
982,184279
401904,401969
982,184332
401904,404029
982,401873
401904,404271
982,438238
401904,405431
401904,405434
401904,405720
401904,405796
401904,405804
401904,406550
401904,406556
401904,437785
401904,437806
306,296
984,33
306,312
984,743
984,768
984,927
288,296
984,184094
288,297
984,184142
984,184279
984,184332
290,284
984,401873
290,296
984,438238
290,451126
292,285
292,296
294,280
294,296
986,33
986,743
986,768
986,927
312,294
986,184094
312,296
986,184142
312,403225
986,184279
986,184332
986,401873
314,286
986,438238
314,296
300,292
300,296
300,49739
988,33
310,279
988,743
310,296
988,768
310,305
988,927
310,309
988,184094
308,288
988,184142
308,296
988,184279
988,184332
988,401873
988,438238
184344,24
184344,184345
184344,401873
184344,438238
330,40
330,315
330,316
330,317
330,318
330,319
330,320
330,321
330,322
330,323
330,324
330,325
330,326
330,327
330,328
330,329
330,331
330,332
330,333
330,334
330,335
330,336
330,337
330,338
330,339
330,340
330,341
330,342
330,343
1178,33
330,344
1178,743
330,345
1178,768
1178,927
330,346
1178,989
330,347
330,348
1178,1003
330,349
1178,1004
1178,1019
330,350
330,927
1178,1035
1178,1115
332,330
1178,1132
332,333
1178,1148
332,184344
316,330
1178,1163
316,339
1178,1164
316,341
1178,1165
316,184344
1178,1166
316,451129
1178,1167
1178,1168
1178,1169
1178,1170
1178,1171
1178,1172
1178,1173
1178,1174
1178,1175
1178,1176
1178,1177
1178,184094
1178,184142
1178,184279
1178,184332
1178,401873
1178,438238
1164,33
344,329
1164,743
344,330
1164,768
344,184344
1164,927
318,330
1164,989
318,338
1164,1003
318,184344
1164,1004
338,317
1164,1019
338,330
1164,1035
338,184344
1164,1115
1164,1132
1164,1148
1164,1149
1164,1150
334,330
1164,1151
334,342
1164,1152
334,184344
1164,1153
1164,1154
1164,1155
1164,1156
1164,1157
320,325
1164,1158
1164,1159
320,330
1164,1160
320,184344
1164,1161
320,405431
1164,1162
1164,1163
1164,1178
1164,184094
1164,184142
1164,184279
1164,184332
1164,401873
1164,438238
322,330
322,336
322,184344
336,330
336,343
336,184344
336,401941
346,330
346,349
346,184344
324,330
324,345
324,184344
350,322
350,330
350,184344
326,320
326,330
326,184344
328,327
328,330
328,184344
342,328
342,330
342,184344
342,450694
348,321
348,330
348,184344
340,319
340,330
340,184344
1004,33
1004,743
1004,768
1004,927
1004,989
1004,990
1004,991
1004,992
1004,993
1004,994
1004,995
1004,996
1004,997
1004,998
1004,999
1004,1000
1004,1001
1004,1002
1004,1003
1004,1019
1004,1035
1004,1115
1004,1132
1004,1148
1004,1163
1004,1164
1004,1178
1004,184094
1004,184142
1004,184279
1004,184332
1004,401873
1004,438238
382,372
382,375
382,184094
382,184344
372,24
372,40
372,351
372,352
372,353
372,354
372,355
372,356
372,357
372,358
372,359
1132,33
372,360
1132,743
372,361
1132,768
372,362
1132,927
372,363
1132,1093
372,364
1132,1094
372,365
1132,1095
372,366
1132,1096
372,367
372,368
1132,1097
372,369
1132,1098
372,370
1132,1100
1132,1117
372,371
372,373
1132,1118
372,374
1132,1119
372,375
1132,1120
372,376
1132,1121
372,377
1132,1122
372,378
1132,1123
372,379
1132,1124
372,380
372,381
1132,1125
1132,1126
372,382
372,383
1132,1127
372,384
1132,1128
372,385
1132,1129
1132,1130
372,386
1132,1131
372,387
372,388
1132,1133
372,389
1132,184094
372,390
1132,184142
372,391
1132,184279
372,392
1132,184332
372,393
1132,401873
372,394
1132,438238
372,395
372,396
372,397
372,398
372,399
372,400
372,401
372,401873
372,438238
352,358
352,372
352,184344
358,351
358,372
358,184344
354,357
354,372
354,184344
1148,33
1148,743
1148,768
1148,927
1148,989
1148,1003
1148,1004
1148,1019
1148,1035
356,372
1148,1115
1148,1132
356,377
1148,1134
1148,1135
356,184344
1148,1136
1148,1137
1148,1138
1148,1139
1148,1140
1148,1141
374,372
1148,1142
374,392
1148,1143
374,184344
1148,1144
1148,1145
1148,1146
1148,1147
360,372
1148,1163
1148,1164
360,377
1148,1178
360,381
1148,184094
360,184344
1148,184142
1148,184279
1148,184332
1148,401873
1148,438238
990,33
990,743
990,768
990,927
990,184094
362,363
990,184142
362,368
990,184279
362,372
990,184332
362,374
990,401873
362,384
990,438238
362,158099
362,184344
992,33
992,743
992,768
992,927
368,372
992,184094
368,401
992,184142
368,184344
992,184279
384,362
992,184332
384,372
992,401873
384,184344
992,438238
366,372
366,395
366,184344
364,372
364,389
364,394
364,184344
364,406526
406526,109860
994,33
406526,401873
994,743
406526,406550
994,768
994,927
994,184094
994,184142
994,184279
994,184332
994,401873
394,372
994,438238
394,400
394,184344
394,401873
394,451129
996,33
996,743
398,364
996,768
398,372
996,927
398,184344
996,184094
996,184142
996,184279
996,184332
370,355
996,401873
370,372
996,438238
370,184344
392,372
392,373
998,33
392,184344
998,743
376,372
998,768
376,374
998,927
376,184344
998,184094
998,184142
998,184279
386,359
998,184332
386,372
998,401873
386,184344
998,438238
400,372
400,391
1000,33
400,184344
1000,743
390,356
390,361
1000,768
390,372
1000,927
390,378
1000,184094
390,379
1000,184142
390,184344
1000,184279
1000,184332
1000,401873
1000,438238
380,370
380,372
380,184344
378,361
378,372
378,379
378,184344
388,356
388,372
1002,33
388,184344
1002,743
388,451126
1002,768
396,372
1002,927
396,393
1002,184094
396,397
1002,184142
396,157346
396,184344
1002,184279
396,185838
1002,184332
1002,401873
1002,438238
185838,186755
157346,157351
157346,157356
157346,157628
157346,157686
157346,158098
157346,438238
402,40
402,424
1006,33
402,426
1006,743
426,40
1006,768
426,402
1006,927
426,403
1006,184094
426,404
1006,184142
426,405
1006,184279
426,406
1006,184332
426,407
1006,401873
426,408
1006,438238
426,409
426,410
426,411
426,412
426,413
426,414
426,415
426,416
426,417
426,418
426,419
426,420
1008,33
426,421
1008,743
426,422
1008,768
426,423
426,424
1008,927
426,425
1008,184094
426,427
1008,184142
426,428
1008,184279
426,429
1008,184332
426,430
1008,401873
426,431
1008,438238
426,432
426,433
426,434
426,435
426,436
426,437
426,438
426,439
426,440
426,441
426,401873
426,438238
424,40
424,422
1010,33
424,426
1010,743
1010,768
1010,927
404,40
1010,184094
404,407
1010,184142
404,426
1010,184279
404,401948
1010,184332
1010,401873
1010,438238
401948,401873
401948,401970
401948,406550
1012,33
406,40
1012,743
406,404
1012,768
406,426
1012,927
1012,184094
1012,184142
1012,184279
1012,184332
408,40
1012,401873
408,426
408,440
1012,438238
440,40
440,402
440,426
410,40
1014,33
410,418
1014,743
410,426
1014,768
418,40
1014,927
1014,184094
418,426
418,437
1014,184142
418,405807
1014,184279
1014,184332
1014,401873
1014,438238
438,40
438,408
438,426
438,406440
412,40
412,411
412,426
412,405667
1016,33
1016,743
1016,768
1016,927
1016,184094
1016,184142
1016,184279
1016,184332
1016,401873
1016,438238
428,40
428,426
428,429
428,64417
414,40
414,416
414,426
416,40
416,405
416,426
1018,33
1018,743
1018,768
1018,927
1018,184094
1018,184142
1018,184279
1018,184332
1018,401873
1018,438238
1020,33
1020,743
1020,768
1020,927
1020,989
1020,1003
1020,1004
1020,1005
420,40
1020,1006
420,426
1020,1007
420,435
1020,1008
1020,1009
1020,1010
1020,1011
1020,1012
1020,1013
1020,1014
436,40
1020,1015
436,426
1020,1016
436,433
1020,1017
422,40
1020,1018
422,423
1020,1019
422,426
1020,1035
1020,1115
1020,1132
1020,1148
1020,1163
1020,1164
1020,1178
1020,184094
1020,184142
430,40
1020,184279
430,409
1020,184332
430,426
1020,401873
430,157346
1020,438238
432,40
432,426
432,431
434,40
434,426
434,432
434,451126
1022,33
406440,401873
1022,743
406440,406425
1022,768
1022,927
406440,406426
1022,184094
406440,406427
406440,406428
1022,184142
406440,406429
1022,184279
406440,406430
1022,184332
406440,406431
1022,401873
406440,406432
1022,438238
406440,406433
406440,406434
406440,406435
406440,406436
406440,406437
406440,406438
406440,406439
406440,406441
406440,406550
442,40
442,460
460,24
460,40
1024,33
1024,743
460,442
1024,768
460,443
1024,927
460,444
1024,184094
460,445
1024,184142
460,446
460,447
1024,184279
460,448
1024,184332
460,449
1024,401873
460,450
1024,438238
460,451
460,452
460,453
460,454
460,455
460,456
460,457
460,458
460,459
460,461
460,462
460,463
460,464
1026,33
460,465
1026,743
460,466
1026,768
460,467
1026,927
460,468
1026,184094
460,469
1026,184142
1026,184279
460,470
1026,184332
460,471
1026,401873
460,472
1026,438238
460,473
460,474
460,475
460,476
460,477
460,478
460,479
460,480
460,481
460,482
1028,33
460,483
1028,743
460,484
1028,768
460,485
1028,927
460,486
1028,184094
460,487
1028,184142
460,488
1028,184279
460,489
1028,184332
460,401873
1028,401873
460,438238
1028,438238
444,40
444,454
444,460
454,40
1030,33
454,445
1030,743
454,460
454,438634
1030,768
454,438635
1030,927
1030,184094
1030,184142
1030,184279
1030,184332
1030,401873
1030,438238
446,40
446,444
446,445
446,460
470,40
470,442
1032,33
470,447
1032,743
470,460
1032,768
448,40
448,460
1032,927
448,489
1032,184094
1032,184142
1032,184279
1032,184332
1032,401873
1032,438238
450,40
450,445
450,460
450,475
1034,33
1034,743
1034,768
472,40
1034,927
472,460
1034,184094
472,482
1034,184142
1034,184279
452,40
452,456
1034,184332
452,460
1034,401873
456,40
1034,438238
456,446
1036,33
456,460
1036,743
1036,768
1036,927
1036,989
1036,1003
1036,1004
1036,1019
1036,1035
1036,1046
1036,1047
1036,1048
1036,1049
1036,1050
476,40
1036,1065
476,460
1036,1066
476,468
1036,1067
1036,1068
476,446987
1036,1070
478,40
1036,1071
478,450
478,460
1036,1072
478,446172
1036,1073
1036,1074
1036,1079
1036,1115
1036,1132
1036,1148
458,40
1036,1163
458,451
458,460
1036,1164
1036,1178
458,448177
1036,184094
480,40
1036,184142
480,460
1036,184279
480,466
1036,184332
1036,401873
1036,438238
488,40
488,460
488,487
468,40
468,460
468,481
464,40
464,460
464,473
464,448349
464,451126
486,40
486,448
486,460
486,461
486,489
482,40
482,460
482,472
482,480
